0.2075936 13.4949 0.0046
0.2075936 13.4854 0.0045
0.2077094 13.5057 0.0046
0.2078251 13.5384 0.0050
0.2079408 13.5291 0.0050
0.2080566 13.5158 0.0046
0.2081839 13.5552 0.0047
0.2082996 13.5284 0.0045
0.2084154 13.5177 0.0046
0.2085311 13.5079 0.0044
0.2086469 13.5353 0.0045
0.2087626 13.5302 0.0046
0.2088783 13.5398 0.0049
0.2089941 13.5375 0.0053
0.2091098 13.5054 0.0049
0.2092256 13.4911 0.0052
0.2093413 13.5321 0.0046
0.2094570 13.5310 0.0046
0.2095728 13.5092 0.0045
0.2096885 13.5090 0.0045
0.2098043 13.5122 0.0045
0.2099200 13.5404 0.0046
0.2100357 13.5215 0.0046
0.2101515 13.5315 0.0043
0.2102672 13.5137 0.0042
0.2103830 13.5053 0.0045
0.2104987 13.5304 0.0046
0.2106144 13.4936 0.0045
0.2107302 13.5282 0.0045
0.2108459 13.5248 0.0046
0.2109617 13.5270 0.0043
0.2110774 13.5155 0.0045
0.2111932 13.5334 0.0046
0.2113089 13.5338 0.0046
0.2114246 13.5268 0.0045
0.2115519 13.5338 0.0046
0.2116677 13.5586 0.0046
0.2117834 13.5328 0.0046
0.2118992 13.5050 0.0045
0.2120149 13.5199 0.0045
0.2121307 13.5231 0.0045
0.2122464 13.5201 0.0048
0.2123621 13.5159 0.0045
0.2124779 13.5240 0.0051
0.2125936 13.5380 0.0046
0.2127094 13.5269 0.0052
0.2128251 13.5529 0.0049
0.2129408 13.5473 0.0049
0.2130566 13.5381 0.0046
0.2131723 13.5073 0.0048
0.2132881 13.5393 0.0045
0.2134038 13.5295 0.0046
0.2135195 13.5193 0.0045
0.2136353 13.5013 0.0045
0.2137510 13.5125 0.0042
0.2138668 13.5335 0.0046
0.2139825 13.5282 0.0045
0.2140982 13.5391 0.0043
0.2142140 13.5396 0.0046
0.2143297 13.5352 0.0043
0.2144455 13.5171 0.0045
0.2145612 13.5186 0.0045
0.2146769 13.5487 0.0046
0.2147927 13.5313 0.0046
0.2149200 13.5565 0.0046
0.2150357 13.5199 0.0045
0.2151515 13.5221 0.0048
0.2152672 13.5061 0.0045
0.2153830 13.5232 0.0042
0.2154987 13.5088 0.0045
0.2156144 13.5289 0.0045
0.2157302 13.5268 0.0045
0.2158459 13.5240 0.0045
0.2159617 13.5416 0.0052
0.2160774 13.5391 0.0046
0.2161932 13.5342 0.0049
0.2163089 13.5544 0.0049
0.2164246 13.5287 0.0048
0.2165404 13.5285 0.0049
0.2166561 13.5225 0.0045
0.2167719 13.5324 0.0045
0.2168876 13.5095 0.0045
0.2170033 13.5485 0.0048
0.2171191 13.5131 0.0048
0.2172348 13.5267 0.0051
0.2173506 13.5022 0.0045
0.2174663 13.5192 0.0045
0.2175820 13.5273 0.0045
0.2176978 13.5258 0.0045
0.2178135 13.5353 0.0045
0.2179293 13.5246 0.0048
0.2180450 13.5252 0.0048
0.2181607 13.5223 0.0045
0.2182765 13.5197 0.0045
0.2184038 13.5271 0.0045
0.2185195 13.5298 0.0042
0.2186353 13.5208 0.0044
0.2187510 13.5137 0.0045
0.2188668 13.5172 0.0048
0.2189825 13.5367 0.0045
0.2190982 13.5390 0.0045
0.2192140 13.5225 0.0045
0.2193297 13.5392 0.0051
0.2194455 13.5286 0.0045
0.2195612 13.5357 0.0045
0.2196769 13.5479 0.0048
0.2197927 13.5209 0.0048
0.2199084 13.5185 0.0045
0.2200242 13.5196 0.0045
0.2201399 13.5359 0.0045
0.2202557 13.5482 0.0045
0.2203714 13.5343 0.0045
0.2204871 13.5242 0.0044
0.2206029 13.5335 0.0045
0.2207186 13.5355 0.0045
0.2208344 13.5434 0.0042
0.2209501 13.5399 0.0042
0.2210658 13.5411 0.0045
0.2211816 13.5392 0.0048
0.2212973 13.5462 0.0054
0.2214131 13.5456 0.0048
0.2215288 13.5428 0.0051
0.2216445 13.5115 0.0044
0.2217603 13.5149 0.0044
0.2218876 13.5362 0.0045
0.2220033 13.5277 0.0044
0.2221191 13.5204 0.0045
0.2222348 13.5178 0.0044
0.2223506 13.5217 0.0044
0.2224663 13.5421 0.0045
0.2225820 13.5311 0.0045
0.2226978 13.5351 0.0045
0.2228135 13.5342 0.0045
0.2229293 13.5361 0.0045
0.2230450 13.5471 0.0045
0.2231607 13.5291 0.0044
0.2232765 13.5247 0.0044
0.2233922 13.5099 0.0044
0.2235080 13.5308 0.0048
0.2236237 13.5213 0.0047
0.2237394 13.5342 0.0045
0.2238552 13.5248 0.0045
0.2239709 13.5286 0.0045
0.2240867 13.5386 0.0045
0.2242024 13.5226 0.0045
0.2243182 13.5290 0.0045
0.2244339 13.5326 0.0041
0.2245496 13.5234 0.0042
0.2246654 13.5118 0.0041
0.2247811 13.5353 0.0041
0.2248969 13.5232 0.0041
0.2250126 13.5242 0.0045
0.2251283 13.5201 0.0041
0.2252557 13.5162 0.0044
0.2253714 13.5338 0.0045
0.2254871 13.5326 0.0045
0.2256029 13.5209 0.0041
0.2257186 13.5202 0.0045
0.2258344 13.5305 0.0044
0.2259501 13.5211 0.0041
0.2260658 13.5206 0.0045
0.2261816 13.5367 0.0041
0.2262973 13.5286 0.0044
0.2264131 13.5287 0.0044
0.2265288 13.5262 0.0044
0.2266445 13.5143 0.0044
0.2267603 13.5244 0.0044
0.2268760 13.5234 0.0044
0.2269918 13.5402 0.0051
0.2271075 13.5286 0.0041
0.2272232 13.5439 0.0045
0.2273390 13.5297 0.0045
0.2274547 13.5391 0.0045
0.2275705 13.5291 0.0045
0.2276862 13.5308 0.0045
0.2278019 13.5217 0.0044
0.2279177 13.5273 0.0044
0.2280334 13.5188 0.0044
0.2281492 13.5262 0.0044
0.2282649 13.5156 0.0044
0.2283807 13.5317 0.0044
0.2284964 13.5248 0.0044
0.2286237 13.5410 0.0048
0.2287394 13.5329 0.0048
0.2288552 13.5339 0.0045
0.2289709 13.5237 0.0045
0.2290867 13.5219 0.0041
0.2292024 13.5341 0.0041
0.2293182 13.5370 0.0042
0.2294339 13.5375 0.0044
0.2295496 13.5459 0.0045
0.2296654 13.5281 0.0044
0.2297811 13.5316 0.0041
0.2298969 13.5107 0.0041
0.2300126 13.5120 0.0044
0.2301283 13.5242 0.0047
0.2302441 13.5210 0.0044
0.2303598 13.5179 0.0044
0.2304756 13.5266 0.0047
0.2305913 13.5499 0.0042
0.2307070 13.5265 0.0044
0.2308228 13.5445 0.0045
0.2309385 13.5521 0.0041
0.2310543 13.5362 0.0048
0.2311700 13.5176 0.0044
0.2312857 13.5155 0.0044
0.2314015 13.5247 0.0041
0.2315172 13.5120 0.0044
0.2316330 13.5283 0.0044
0.2317487 13.5100 0.0041
0.2318644 13.5246 0.0041
0.2319802 13.5385 0.0044
0.2321075 13.5424 0.0042
0.2322232 13.5363 0.0048
0.2323390 13.5347 0.0045
0.2324547 13.5476 0.0045
0.2325705 13.5271 0.0044
0.2326862 13.5205 0.0044
0.2328019 13.5210 0.0044
0.2329177 13.5184 0.0041
0.2330334 13.5172 0.0041
0.2331492 13.5296 0.0044
0.2332649 13.5280 0.0044
0.2333807 13.5261 0.0044
0.2334964 13.5174 0.0044
0.2336121 13.5376 0.0044
0.2337279 13.5448 0.0045
0.2338436 13.5349 0.0045
0.2339594 13.5288 0.0041
0.2340751 13.5258 0.0044
0.2341908 13.5232 0.0044
0.2343066 13.5194 0.0044
0.2344223 13.5261 0.0044
0.2345381 13.5228 0.0041
0.2346538 13.5160 0.0041
0.2347695 13.5171 0.0044
0.2348853 13.5257 0.0041
0.2350010 13.5224 0.0041
0.2351168 13.5448 0.0044
0.2352325 13.5277 0.0041
0.2353482 13.5209 0.0041
0.2354756 13.5256 0.0044
0.2355913 13.5286 0.0044
0.2357070 13.5239 0.0044
0.2358228 13.5327 0.0041
0.2359385 13.5184 0.0044
0.2360543 13.5250 0.0041
0.2361700 13.5331 0.0044
0.2362857 13.5270 0.0041
0.2364015 13.5280 0.0044
0.2365172 13.5231 0.0041
0.2366330 13.5194 0.0041
0.2367487 13.5332 0.0044
0.2368644 13.5127 0.0041
0.2369802 13.5338 0.0041
0.2370959 13.5306 0.0041
0.2372117 13.5235 0.0044
0.2373274 13.5166 0.0044
0.2374432 13.5372 0.0041
0.2375589 13.5182 0.0041
0.2376746 13.5424 0.0044
0.2377904 13.5222 0.0044
0.2379061 13.5425 0.0044
0.2380219 13.5327 0.0044
0.2381376 13.5229 0.0047
0.2382533 13.5146 0.0044
0.2383691 13.5369 0.0044
0.2384848 13.5252 0.0044
0.2386006 13.5329 0.0044
0.2387163 13.5284 0.0044
0.2388436 13.5255 0.0044
0.2389594 13.5200 0.0040
0.2390751 13.5286 0.0041
0.2391908 13.5209 0.0041
0.2393066 13.5295 0.0043
0.2394223 13.5216 0.0041
0.2395381 13.5215 0.0041
0.2396538 13.5774 0.0044
0.2397695 13.5197 0.0044
0.2398853 13.5261 0.0043
0.2400010 13.5311 0.0044
0.2401168 13.5340 0.0047
0.2402325 13.5298 0.0044
0.2403482 13.5349 0.0044
0.2404640 13.5218 0.0044
0.2405797 13.5278 0.0044
0.2406955 13.5267 0.0041
0.2408112 13.5248 0.0041
0.2409269 13.5095 0.0040
0.2410427 13.5241 0.0041
0.2411584 13.5432 0.0041
0.2412742 13.5184 0.0041
0.2413899 13.5319 0.0044
0.2415057 13.5397 0.0044
0.2416214 13.5345 0.0047
0.2417371 13.5338 0.0044
0.2418529 13.5417 0.0043
0.2419686 13.5164 0.0043
0.2420844 13.5340 0.0047
0.2422001 13.5323 0.0044
0.2423274 13.5224 0.0046
0.2424432 13.5368 0.0047
0.2425589 13.5367 0.0044
0.2426746 13.5104 0.0044
0.2427904 13.5163 0.0043
0.2429061 13.5292 0.0047
0.2430219 13.5181 0.0043
0.2431376 13.5304 0.0040
0.2432533 13.5299 0.0041
0.2433691 13.5345 0.0041
0.2434848 13.5423 0.0044
0.2436006 13.5354 0.0044
0.2437163 13.5251 0.0044
0.2438320 13.5291 0.0043
0.2439478 13.5167 0.0043
0.2440635 13.5260 0.0043
0.2441793 13.5183 0.0043
0.2442950 13.5127 0.0049
0.2444107 13.5230 0.0040
0.2445265 13.5293 0.0043
0.2446422 13.5371 0.0044
0.2447580 13.5274 0.0044
0.2448737 13.5236 0.0043
0.2449894 13.5354 0.0044
0.2451052 13.5297 0.0044
0.2452209 13.5399 0.0044
0.2453367 13.5286 0.0040
0.2454524 13.5228 0.0043
0.2455682 13.5284 0.0043
0.2456955 13.5178 0.0040
0.2458112 13.5242 0.0040
0.2459269 13.5219 0.0040
0.2460427 13.5269 0.0040
0.2461584 13.5382 0.0041
0.2462742 13.5177 0.0040
0.2463899 13.5130 0.0040
0.2465057 13.5267 0.0043
0.2466214 13.5390 0.0044
0.2467371 13.5308 0.0043
0.2468529 13.5212 0.0043
0.2469686 13.5209 0.0040
0.2470844 13.5122 0.0043
0.2472001 13.5273 0.0040
0.2473158 13.5165 0.0043
0.2474316 13.5256 0.0043
0.2475473 13.5139 0.0040
0.2476631 13.5155 0.0040
0.2477788 13.5374 0.0040
0.2478945 13.5346 0.0040
0.2480103 13.5152 0.0040
0.2481260 13.5204 0.0043
0.2482418 13.5193 0.0040
0.2483575 13.5182 0.0043
0.2484732 13.5161 0.0040
0.2485890 13.5205 0.0040
0.2487047 13.5297 0.0040
0.2488205 13.5274 0.0043
0.2489362 13.5213 0.0040
0.2490635 13.5299 0.0043
0.2491793 13.5275 0.0040
0.2492950 13.5321 0.0040
0.2494107 13.5343 0.0040
0.2495265 13.5293 0.0040
0.2496422 13.5304 0.0040
0.2497580 13.5262 0.0040
0.2498737 13.5294 0.0044
0.2499894 13.5207 0.0043
0.2501052 13.5274 0.0043
0.2502209 13.5156 0.0040
0.2503367 13.5307 0.0040
0.2504524 13.5317 0.0040
0.2505682 13.5165 0.0040
0.2506839 13.5213 0.0040
0.2507996 13.5253 0.0040
0.2509154 13.5312 0.0040
0.2510311 13.5385 0.0040
0.2511469 13.5459 0.0043
0.2512626 13.5278 0.0040
0.2513783 13.5359 0.0040
0.2514941 13.5201 0.0043
0.2516098 13.5252 0.0040
0.2517256 13.5114 0.0040
0.2518413 13.5232 0.0043
0.2519570 13.5200 0.0046
0.2520728 13.5170 0.0040
0.2521885 13.5296 0.0040
0.2523043 13.5215 0.0040
0.2524200 13.5168 0.0040
0.2525473 13.5329 0.0040
0.2526631 13.5204 0.0040
0.2527788 13.5317 0.0040
0.2528945 13.5252 0.0040
0.2530103 13.5123 0.0040
0.2531260 13.5242 0.0040
0.2532418 13.5141 0.0040
0.2533575 13.5204 0.0039
0.2534732 13.5160 0.0040
0.2535890 13.5190 0.0046
0.2537047 13.5291 0.0043
0.2538205 13.5341 0.0040
0.2539362 13.5189 0.0043
0.2540519 13.5437 0.0043
0.2541677 13.5379 0.0043
0.2542834 13.5365 0.0043
0.2543992 13.5183 0.0043
0.2545149 13.5297 0.0040
0.2546307 13.5174 0.0043
0.2547464 13.5191 0.0043
0.2548621 13.5263 0.0046
0.2549779 13.5272 0.0043
0.2550936 13.5197 0.0043
0.2552094 13.5111 0.0040
0.2553251 13.5139 0.0042
0.2554408 13.5214 0.0043
0.2555566 13.5164 0.0040
0.2556839 13.5212 0.0043
0.2557996 13.5211 0.0040
0.2559154 13.5368 0.0043
0.2560311 13.5275 0.0040
0.2561469 13.5164 0.0040
0.2562626 13.5115 0.0039
0.2563783 13.5246 0.0040
0.2564941 13.5085 0.0039
0.2566098 13.5163 0.0040
0.2567256 13.5095 0.0039
0.2568413 13.5133 0.0040
0.2569570 13.5269 0.0040
0.2570728 13.5252 0.0040
0.2571885 13.5317 0.0040
0.2573043 13.5304 0.0040
0.2574200 13.5126 0.0040
0.2575357 13.5276 0.0043
0.2576515 13.5399 0.0043
0.2577672 13.5280 0.0040
0.2578830 13.5379 0.0043
0.2579987 13.5226 0.0043
0.2581144 13.5035 0.0039
0.2582302 13.5144 0.0040
0.2583459 13.5222 0.0042
0.2584617 13.5265 0.0043
0.2585774 13.8964 0.0043
0.2586932 13.5367 0.0043
0.2588089 13.5384 0.0040
0.2589362 13.5312 0.0043
0.2590519 13.5446 0.0043
0.2591677 13.5217 0.0040
0.2592834 13.5287 0.0040
0.2593992 13.5212 0.0046
0.2595149 13.5240 0.0042
0.2596307 13.5072 0.0039
0.2597464 13.5269 0.0040
0.2598621 13.5234 0.0040
0.2599779 13.5177 0.0039
0.2600936 13.5099 0.0039
0.2602094 13.5217 0.0040
0.2603251 13.5136 0.0043
0.2604408 13.5241 0.0043
0.2605566 13.5435 0.0046
0.2606723 13.5272 0.0040
0.2607881 13.5210 0.0040
0.2609038 13.5189 0.0039
0.2610195 13.5159 0.0039
0.2611353 13.5053 0.0039
0.2612510 13.5151 0.0039
0.2613668 13.5157 0.0043
0.2614825 13.5241 0.0042
0.2615982 13.5167 0.0042
0.2617140 13.5222 0.0045
0.2618297 13.5280 0.0043
0.2619455 13.5021 0.0042
0.2620612 13.5255 0.0040
0.2621769 13.5257 0.0040
0.2622927 13.5269 0.0040
0.2624200 13.5220 0.0040
0.2625357 13.5380 0.0040
0.2626515 13.5126 0.0039
0.2627672 13.5261 0.0040
0.2628830 13.5307 0.0039
0.2629987 13.5183 0.0039
0.2631144 13.5140 0.0039
0.2632302 13.5051 0.0042
0.2633459 13.5415 0.0046
0.2634617 13.5273 0.0042
0.2635774 13.5228 0.0043
0.2636932 13.5341 0.0043
0.2638089 13.5296 0.0042
0.2639246 13.5277 0.0039
0.2640404 13.5300 0.0043
0.2641561 13.5287 0.0043
0.2642719 13.5292 0.0051
0.2643876 13.5204 0.0042
0.2645033 13.5210 0.0042
0.2646191 13.5191 0.0039
0.2647348 13.5141 0.0039
0.2648506 13.5382 0.0040
0.2649663 13.5230 0.0039
0.2650820 13.5193 0.0039
0.2651978 13.5356 0.0040
0.2653135 13.5189 0.0040
0.2654293 13.5341 0.0043
0.2655450 13.5286 0.0042
0.2656723 13.5343 0.0043
0.2657881 13.5214 0.0042
0.2659038 13.5315 0.0043
0.2660195 13.5169 0.0039
0.2661353 13.5218 0.0039
0.2662510 13.5216 0.0039
0.2663668 13.5258 0.0039
0.2664825 13.5197 0.0039
0.2665982 13.5330 0.0040
0.2667140 13.5321 0.0039
0.2668297 13.5308 0.0039
0.2669455 13.5078 0.0039
0.2670612 13.5192 0.0039
0.2671769 13.5374 0.0040
0.2672927 13.5308 0.0039
0.2674084 13.5244 0.0039
0.2675242 13.5113 0.0039
0.2676399 13.5245 0.0039
0.2677557 13.5188 0.0042
0.2678714 13.5240 0.0045
0.2679871 13.5347 0.0043
0.2681029 13.5224 0.0042
0.2682186 13.5324 0.0039
0.2683344 13.5172 0.0039
0.2684501 13.5368 0.0040
0.2685658 13.5503 0.0040
0.2686816 13.5187 0.0042
0.2687973 13.5227 0.0043
0.2689131 13.5304 0.0040
0.2690288 13.5288 0.0042
0.2691561 13.5321 0.0042
0.2692719 13.5412 0.0042
0.2693876 13.5281 0.0039
0.2695033 13.5214 0.0039
0.2696191 13.5269 0.0039
0.2697348 13.5296 0.0039
0.2698506 13.5204 0.0039
0.2699663 13.5262 0.0040
0.2700820 13.5226 0.0039
0.2701978 13.5350 0.0039
0.2703135 13.5252 0.0039
0.2704293 13.5235 0.0039
0.2705450 13.5269 0.0039
0.2706607 13.5246 0.0039
0.2707765 13.5228 0.0042
0.2708922 13.5210 0.0039
0.2710080 13.5196 0.0042
0.2711237 13.5239 0.0042
0.2712394 13.5090 0.0039
0.2713552 13.5203 0.0039
0.2714709 13.5337 0.0042
0.2715867 13.5287 0.0042
0.2717024 13.5307 0.0042
0.2718182 13.5272 0.0043
0.2719339 13.5189 0.0039
0.2720496 13.5263 0.0040
0.2721654 13.5418 0.0039
0.2722811 13.5180 0.0039
0.2723969 13.5153 0.0039
0.2725126 13.5220 0.0042
0.2726399 13.5184 0.0039
0.2727557 13.5042 0.0039
0.2728714 13.5375 0.0042
0.2729871 13.5295 0.0039
0.2731029 13.5239 0.0042
0.2732186 13.5225 0.0042
0.2733344 13.5305 0.0040
0.2734501 13.5228 0.0039
0.2735658 13.5313 0.0039
0.2736816 13.5168 0.0039
0.2737973 13.5366 0.0039
0.2739131 13.5222 0.0039
0.2740288 13.5317 0.0042
0.2741445 13.5283 0.0042
0.2742603 13.5268 0.0039
0.2743760 13.5193 0.0042
0.2744918 13.5189 0.0042
0.2746075 13.5255 0.0042
0.2747232 13.5252 0.0039
0.2748390 13.5294 0.0042
0.2749547 13.5312 0.0042
0.2750705 13.5302 0.0042
0.2751862 13.5265 0.0042
0.2753019 13.5365 0.0039
0.2754177 13.5309 0.0042
0.2755334 13.5270 0.0042
0.2756492 13.5130 0.0045
0.2757649 13.5329 0.0042
0.2758922 13.5166 0.0039
0.2760080 13.5014 0.0039
0.2761237 13.5066 0.0039
0.2762394 13.5128 0.0039
0.2763552 13.5224 0.0042
0.2764709 13.5329 0.0039
0.2765867 13.5235 0.0042
0.2767024 13.5368 0.0039
0.2768182 13.5336 0.0042
0.2769339 13.5134 0.0042
0.2770496 13.5282 0.0042
0.2771654 13.5155 0.0042
0.2772811 13.5111 0.0039
0.2773969 13.5103 0.0039
0.2775126 13.5293 0.0042
0.2776283 13.5112 0.0042
0.2777441 13.5239 0.0039
0.2778598 13.5283 0.0042
0.2779756 13.5171 0.0039
0.2780913 13.5342 0.0039
0.2782070 13.5209 0.0042
0.2783228 13.5350 0.0042
0.2784385 13.5302 0.0045
0.2785543 13.5267 0.0039
0.2786700 13.5158 0.0039
0.2787857 13.5226 0.0039
0.2789015 13.5308 0.0042
0.2790172 13.5329 0.0039
0.2791330 13.5323 0.0039
0.2792487 13.5202 0.0039
0.2793760 13.5112 0.0039
0.2794918 13.5455 0.0045
0.2796075 13.5377 0.0045
0.2797232 13.5276 0.0039
0.2798390 13.5234 0.0036
0.2799547 13.5182 0.0039
0.2800705 13.5262 0.0039
0.2801862 13.5165 0.0042
0.2803019 13.5143 0.0042
0.2804177 13.5129 0.0042
0.2805334 13.5131 0.0042
0.2806492 13.5316 0.0045
0.2807649 13.5132 0.0042
0.2808807 13.5148 0.0041
0.2809964 13.5250 0.0042
0.2811121 13.5184 0.0039
0.2812279 13.5216 0.0039
0.2813436 13.5184 0.0039
0.2814594 13.5204 0.0039
0.2815751 13.5046 0.0039
0.2816908 13.5270 0.0039
0.2818066 13.5200 0.0039
0.2819223 13.5270 0.0039
0.2820381 13.5249 0.0042
0.2821538 13.5102 0.0042
0.2822695 13.5059 0.0042
0.2823853 13.5185 0.0042
0.2825010 13.5238 0.0039
0.2826168 13.5215 0.0039
0.2827325 13.5357 0.0042
0.2828598 13.5362 0.0042
0.2829756 13.5142 0.0042
0.2830913 13.5363 0.0042
0.2832070 13.5391 0.0039
0.2833228 13.5316 0.0039
0.2834385 13.5275 0.0039
0.2835543 13.5062 0.0041
0.2836700 13.5240 0.0039
0.2837857 13.5233 0.0041
0.2839015 13.5170 0.0039
0.2840172 13.5208 0.0039
0.2841330 13.5155 0.0039
0.2842487 13.5078 0.0042
0.2843644 13.5306 0.0042
0.2844802 13.5296 0.0042
0.2845959 13.5205 0.0042
0.2847117 13.5267 0.0039
0.2848274 13.5388 0.0042
0.2849432 13.5275 0.0039
0.2850589 13.5068 0.0038
0.2851746 13.5227 0.0042
0.2852904 13.5150 0.0039
0.2854061 13.5083 0.0042
0.2855219 13.5318 0.0042
0.2856376 13.5250 0.0039
0.2857533 13.5345 0.0039
0.2858691 13.5150 0.0039
0.2859848 13.5205 0.0045
0.2861006 13.5299 0.0042
0.2862279 13.5253 0.0042
0.2863436 13.5352 0.0042
0.2864594 13.5346 0.0042
0.2865751 13.5290 0.0038
0.2866908 13.5206 0.0039
0.2868066 13.5093 0.0038
0.2869223 13.5255 0.0038
0.2870381 13.5282 0.0042
0.2871538 13.5331 0.0042
0.2872695 13.5207 0.0045
0.2873853 13.5277 0.0044
0.2875010 13.5262 0.0045
0.2876168 13.5242 0.0039
0.2877325 13.5214 0.0042
0.2878482 13.5195 0.0063
0.2879640 13.5309 0.0044
0.2880797 13.5139 0.0041
0.2881955 13.5279 0.0042
0.2883112 13.5323 0.0048
0.2884269 13.5287 0.0042
0.2885427 13.5231 0.0042
0.2886584 13.5140 0.0042
0.2887742 13.5328 0.0039
0.2888899 13.5195 0.0038
0.2890057 13.5222 0.0042
0.2891214 13.5401 0.0039
0.2892371 13.5165 0.0038
0.2893529 13.5411 0.0039
0.2894686 13.5324 0.0039
0.2895959 13.5281 0.0042
0.2897117 13.5159 0.0039
0.2898274 13.5173 0.0038
0.2899432 13.5088 0.0038
0.2900589 13.5345 0.0042
0.2901746 13.5099 0.0041
0.2902904 13.5228 0.0038
0.2904061 13.5072 0.0041
0.2905219 13.5108 0.0041
0.2906376 13.5053 0.0041
0.2907533 13.5303 0.0045
0.2908691 13.5242 0.0042
0.2909848 13.5244 0.0039
0.2911006 13.5263 0.0042
0.2912163 13.5164 0.0039
0.2913320 13.5327 0.0050
0.2914478 13.5177 0.0041
0.2915635 13.5197 0.0041
0.2916793 13.5112 0.0047
0.2917950 13.5220 0.0063
0.2919107 13.5260 0.0050
0.2920265 13.5276 0.0045
0.2921422 13.5352 0.0044
0.2922580 13.5252 0.0042
0.2923737 13.5278 0.0047
0.2924894 13.5257 0.0041
0.2926052 13.5274 0.0042
0.2927209 13.5349 0.0053
0.2928367 13.5191 0.0041
0.2929640 13.5199 0.0038
0.2930797 13.5066 0.0041
0.2931955 13.5108 0.0041
0.2933112 13.5102 0.0038
0.2934269 13.5302 0.0039
0.2935427 13.5177 0.0038
0.2936584 13.5256 0.0039
0.2937742 13.5238 0.0038
0.2938899 13.5267 0.0039
0.2940057 13.5157 0.0038
0.2941214 13.5194 0.0042
0.2942371 13.5240 0.0039
0.2943529 13.5286 0.0041
0.2944686 13.5209 0.0038
0.2945844 13.5214 0.0039
0.2947001 13.5211 0.0038
0.2948158 13.5193 0.0038
0.2949316 13.5164 0.0038
0.2950473 13.5295 0.0041
0.2951631 13.5125 0.0041
0.2952788 13.5217 0.0044
0.2953945 13.5162 0.0041
0.2955103 13.5363 0.0041
0.2956260 13.5192 0.0035
0.2957418 13.5149 0.0038
0.2958575 13.5291 0.0039
0.2959732 13.5177 0.0038
0.2960890 13.5259 0.0038
0.2962047 13.5057 0.0038
0.2963205 13.5220 0.0038
0.2964478 13.5142 0.0038
0.2965635 13.5220 0.0038
0.2966793 13.5136 0.0035
0.2967950 13.5149 0.0038
0.2969107 13.5285 0.0041
0.2970265 13.5192 0.0038
0.2971422 13.5248 0.0038
0.2972580 13.5136 0.0035
0.2973737 13.5302 0.0035
0.2974894 13.5360 0.0036
0.2976052 13.5179 0.0038
0.2977209 13.5242 0.0038
0.2978367 13.5216 0.0038
0.2979524 13.5139 0.0038
0.2980682 13.5085 0.0038
0.2981839 13.5310 0.0038
0.2982996 13.5026 0.0038
0.2984154 13.5327 0.0036
0.2985311 13.5108 0.0038
0.2986469 13.5371 0.0038
0.2987626 13.5278 0.0038
0.2988783 13.5304 0.0038
0.2989941 13.5334 0.0041
0.2991098 13.5258 0.0038
0.2992256 13.5265 0.0041
0.2993413 13.5171 0.0038
0.2994570 13.5104 0.0038
0.2995728 13.5123 0.0038
0.2997001 13.5112 0.0038
0.2998158 13.5112 0.0038
0.2999316 13.5222 0.0038
0.3000473 13.5317 0.0039
0.3001631 13.5303 0.0041
0.3002788 13.5378 0.0038
0.3003945 13.5193 0.0041
0.3005103 13.5278 0.0053
0.3006260 13.5234 0.0045
0.3007418 13.5442 0.0053
0.3008575 13.5240 0.0044
0.3009732 13.5196 0.0038
0.3010890 13.5131 0.0041
0.3012047 13.5161 0.0041
0.3013205 13.5308 0.0041
0.3014362 13.5078 0.0038
0.3015519 13.5300 0.0038
0.3016677 13.5262 0.0038
0.3017834 13.5243 0.0038
0.3018992 13.5196 0.0038
0.3020149 13.5206 0.0038
0.3021307 13.5399 0.0041
0.3022464 13.5191 0.0041
0.3023621 13.5285 0.0038
0.3024779 13.5202 0.0041
0.3025936 13.5281 0.0041
0.3027094 13.5136 0.0038
0.3028251 13.5205 0.0038
0.3029408 13.5137 0.0041
0.3030682 13.5221 0.0041
0.3031839 13.5207 0.0041
0.3032996 13.5287 0.0041
0.3034154 13.5256 0.0041
0.3035311 13.5268 0.0041
0.3036469 13.5180 0.0041
0.3037626 13.5203 0.0038
0.3038783 13.5162 0.0038
0.3039941 13.5110 0.0038
0.3041098 13.5089 0.0038
0.3042256 13.5279 0.0038
0.3043413 13.5238 0.0041
0.3044570 13.5250 0.0040
0.3045728 13.5130 0.0041
0.3046885 13.5274 0.0041
0.3048043 13.5216 0.0041
0.3049200 13.5199 0.0041
0.3050357 13.5283 0.0041
0.3051515 13.5406 0.0041
0.3052672 13.5130 0.0038
0.3053830 13.5208 0.0041
0.3054987 13.5377 0.0038
0.3056144 13.5367 0.0038
0.3057302 13.5219 0.0038
0.3058459 13.5234 0.0038
0.3059617 13.5148 0.0038
0.3060774 13.5233 0.0038
0.3061932 13.5163 0.0038
0.3063089 13.5250 0.0038
0.3064362 13.5232 0.0041
0.3065519 13.5375 0.0041
0.3066677 13.5375 0.0041
0.3067834 13.5289 0.0041
0.3068992 13.5197 0.0038
0.3070149 13.5365 0.0041
0.3071307 13.5233 0.0041
0.3072464 13.5309 0.0038
0.3073621 13.5113 0.0038
0.3074779 13.5184 0.0038
0.3075936 13.5232 0.0041
0.3077094 13.5253 0.0040
0.3078251 13.5128 0.0038
0.3079408 13.5240 0.0041
0.3080566 13.5233 0.0038
0.3081723 13.5308 0.0038
0.3082881 13.5202 0.0038
0.3084038 13.5365 0.0038
0.3085195 13.5227 0.0038
0.3086353 13.5365 0.0038
0.3087510 13.5153 0.0038
0.3088668 13.5194 0.0038
0.3089825 13.5192 0.0038
0.3090982 13.4955 0.0037
0.3092140 13.5209 0.0040
0.3093297 13.5031 0.0041
0.3094455 13.5170 0.0038
0.3095612 13.5286 0.0041
0.3096769 13.5182 0.0038
0.3097927 13.5362 0.0038
0.3099200 13.5260 0.0038
0.3100357 13.5160 0.0041
0.3101515 13.5167 0.0038
0.3102672 13.5028 0.0038
0.3103830 13.5170 0.0040
0.3104987 13.5024 0.0038
0.3106144 13.5178 0.0038
0.3107302 13.5273 0.0038
0.3108459 13.5047 0.0041
0.3109617 13.5290 0.0038
0.3110774 13.5376 0.0038
0.3111932 13.5270 0.0038
0.3113089 13.5409 0.0038
0.3114246 13.5255 0.0038
0.3115404 13.5273 0.0038
0.3116561 13.5280 0.0040
0.3117719 13.5271 0.0038
0.3118876 13.5173 0.0038
0.3120033 13.5209 0.0041
0.3121191 13.5169 0.0041
0.3122348 13.5120 0.0037
0.3123506 13.5224 0.0040
0.3124663 13.5280 0.0041
0.3125820 13.4883 0.0037
0.3126978 13.5199 0.0038
0.3128135 13.5173 0.0038
0.3129293 13.5143 0.0038
0.3130450 13.5104 0.0041
0.3131607 13.5361 0.0038
0.3132765 13.5171 0.0038
0.3134038 13.5110 0.0038
0.3135195 13.5377 0.0038
0.3136353 13.5304 0.0041
0.3137510 13.5061 0.0040
0.3138668 13.5262 0.0041
0.3139825 13.5159 0.0038
0.3140982 13.5172 0.0038
0.3142140 13.5145 0.0038
0.3143297 13.5210 0.0038
0.3144455 13.5259 0.0038
0.3145612 13.5302 0.0038
0.3146769 13.5229 0.0038
0.3147927 13.5298 0.0038
0.3149084 13.5403 0.0038
0.3150242 13.5310 0.0038
0.3151399 13.5223 0.0038
0.3152557 13.5178 0.0038
0.3153714 13.5120 0.0038
0.3154871 13.5170 0.0038
0.3156029 13.5012 0.0037
0.3157186 13.5057 0.0037
0.3158344 13.5160 0.0037
0.3159501 13.5174 0.0038
0.3160658 13.5249 0.0038
0.3161816 13.5336 0.0038
0.3162973 13.5250 0.0041
0.3164131 13.5383 0.0041
0.3165288 13.5354 0.0044
0.3166445 13.5296 0.0041
0.3167603 13.5251 0.0038
0.3168876 13.5127 0.0038
0.3170033 13.5210 0.0037
0.3171191 13.5086 0.0037
0.3172348 13.5212 0.0037
0.3173506 13.5219 0.0038
0.3174663 13.5277 0.0038
0.3175820 13.5214 0.0038
0.3176978 13.5163 0.0038
0.3178135 13.5319 0.0038
0.3179293 13.5371 0.0038
0.3180450 13.5426 0.0038
0.3181607 13.5205 0.0038
0.3182765 13.5287 0.0040
0.3183922 13.5144 0.0037
0.3185080 13.5133 0.0038
0.3186237 13.5113 0.0038
0.3187394 13.5074 0.0038
0.3188552 13.5165 0.0037
0.3189709 13.5160 0.0037
0.3190867 13.5245 0.0038
0.3192024 13.5193 0.0035
0.3193182 13.5187 0.0038
0.3194339 13.5346 0.0038
0.3195496 13.5293 0.0038
0.3196654 13.5229 0.0038
0.3197811 13.5256 0.0038
0.3198969 13.5319 0.0038
0.3200126 13.5279 0.0038
0.3201399 13.5174 0.0038
0.3202557 13.5044 0.0034
0.3203714 13.5141 0.0037
0.3204871 13.5266 0.0038
0.3206029 13.5248 0.0038
0.3207186 13.5106 0.0038
0.3208344 13.5233 0.0038
0.3209501 13.5230 0.0038
0.3210658 13.5381 0.0038
0.3211816 13.5195 0.0038
0.3212973 13.5202 0.0038
0.3214131 13.5222 0.0038
0.3215288 13.5222 0.0038
0.3216445 13.5149 0.0038
0.3217603 13.5065 0.0037
0.3218760 13.5161 0.0038
0.3219918 13.5131 0.0035
0.3221075 13.5125 0.0038
0.3222232 13.5232 0.0041
0.3223390 13.5216 0.0040
0.3224547 13.5347 0.0040
0.3225705 13.5284 0.0046
0.3226862 13.5325 0.0041
0.3228019 13.5225 0.0040
0.3229177 13.5115 0.0037
0.3230334 13.5050 0.0040
0.3231492 13.5142 0.0040
0.3232649 13.5132 0.0038
0.3233922 13.5103 0.0037
0.3235080 13.5040 0.0037
0.3236237 13.5032 0.0040
0.3237394 13.5112 0.0037
0.3238552 13.5051 0.0038
0.3239709 13.5063 0.0037
0.3240867 13.5233 0.0038
0.3242024 13.5208 0.0038
0.3243182 13.5207 0.0038
0.3244339 13.5159 0.0035
0.3245496 13.5232 0.0038
0.3246654 13.5073 0.0038
0.3247811 13.5097 0.0035
0.3248969 13.5033 0.0038
0.3250126 13.5059 0.0040
0.3251283 13.5181 0.0038
0.3252441 13.5125 0.0037
0.3253598 13.5202 0.0037
0.3254756 13.5221 0.0038
0.3255913 13.5078 0.0037
0.3257070 13.5182 0.0037
0.3258228 13.5110 0.0038
0.3259385 13.5333 0.0038
0.3260543 13.5185 0.0038
0.3261700 13.5085 0.0038
0.3262857 13.5181 0.0038
0.3264015 13.5168 0.0038
0.3265172 13.5060 0.0040
0.3266330 13.5114 0.0040
0.3267487 13.5120 0.0040
0.3268644 13.5207 0.0040
0.3269918 13.5266 0.0038
0.3271075 13.5175 0.0038
0.3272232 13.5107 0.0038
0.3273390 13.5181 0.0038
0.3274547 13.5202 0.0038
0.3275705 13.5407 0.0038
0.3276862 13.5183 0.0038
0.3278019 13.5257 0.0041
0.3279177 13.5129 0.0038
0.3280334 13.5250 0.0038
0.3281492 13.5088 0.0037
0.3282649 13.5051 0.0038
0.3283807 13.5169 0.0040
0.3284964 13.5119 0.0037
0.3286121 13.5190 0.0037
0.3287279 13.5202 0.0040
0.3288436 13.5303 0.0041
0.3289594 13.5344 0.0041
0.3290751 13.5164 0.0038
0.3291908 13.5241 0.0040
0.3293066 13.5301 0.0041
0.3294223 13.5160 0.0038
0.3295381 13.5180 0.0040
0.3296538 13.5186 0.0038
0.3297695 13.5176 0.0038
0.3298853 13.5200 0.0037
0.3300010 13.5145 0.0037
0.3301168 13.5214 0.0037
0.3302325 13.5209 0.0037
0.3303598 13.5203 0.0038
0.3304756 13.5237 0.0038
0.3305913 13.5423 0.0041
0.3307070 13.5308 0.0041
0.3308228 13.5264 0.0041
0.3309385 13.5254 0.0038
0.3310543 13.5254 0.0041
0.3311700 13.5328 0.0041
0.3312857 13.5222 0.0040
0.3314015 13.5175 0.0040
0.3315172 13.5223 0.0037
0.3316330 13.5184 0.0038
0.3317487 13.5091 0.0037
0.3318644 13.5161 0.0041
0.3319802 13.5147 0.0041
0.3320959 13.5327 0.0041
0.3322117 13.5203 0.0040
0.3323274 13.5344 0.0043
0.3324432 13.5201 0.0038
0.3325589 13.5159 0.0040
0.3326746 13.5205 0.0041
0.3327904 13.5210 0.0041
0.3329061 13.5152 0.0038
0.3330219 13.5043 0.0037
0.3331376 13.5100 0.0037
0.3332533 13.5005 0.0037
0.3333691 13.5204 0.0040
0.3334848 13.5160 0.0037
0.3336121 13.5010 0.0037
0.3337279 13.5206 0.0038
0.3338436 13.5181 0.0038
0.3339594 13.5225 0.0041
0.3340751 13.5228 0.0038
0.3341908 13.5036 0.0037
0.3343066 13.5214 0.0037
0.3344223 13.5151 0.0040
0.3345381 13.5244 0.0040
0.3346538 13.5142 0.0037
0.3347695 13.5202 0.0037
0.3348853 13.5220 0.0038
0.3350010 13.5256 0.0041
0.3351168 13.5314 0.0038
0.3352325 13.5263 0.0038
0.3353482 13.5090 0.0038
0.3354640 13.5280 0.0038
0.3355797 13.5098 0.0037
0.3356955 13.5173 0.0037
0.3358112 13.5179 0.0038
0.3359269 13.5158 0.0037
0.3360427 13.5194 0.0038
0.3361584 13.5237 0.0038
0.3362742 13.5114 0.0040
0.3363899 13.5338 0.0041
0.3365057 13.5189 0.0041
0.3366214 13.5210 0.0037
0.3367371 13.5276 0.0038
0.3368529 13.5118 0.0038
0.3369686 13.5349 0.0038
0.3370959 13.5347 0.0038
0.3372117 13.5079 0.0037
0.3373274 13.5194 0.0038
0.3374432 13.5042 0.0040
0.3375589 13.5272 0.0038
0.3376746 13.5138 0.0037
0.3377904 13.5146 0.0037
0.3379061 13.5112 0.0037
0.3380219 13.5186 0.0038
0.3381376 13.5137 0.0037
0.3382533 13.5235 0.0038
0.3383691 13.5164 0.0037
0.3384848 13.5134 0.0037
0.3386006 13.5216 0.0038
0.3387163 13.5220 0.0037
0.3388320 13.5208 0.0038
0.3389478 13.5214 0.0041
0.3390635 13.5187 0.0038
0.3391793 13.5121 0.0037
0.3392950 13.5056 0.0037
0.3394107 13.5127 0.0037
0.3395265 13.5114 0.0037
0.3396422 13.5074 0.0037
0.3397580 13.5011 0.0040
0.3398737 13.5166 0.0038
0.3399894 13.5155 0.0038
0.3401052 13.5271 0.0038
0.3402209 13.5255 0.0038
0.3403367 13.5203 0.0038
0.3404640 13.5209 0.0037
0.3405797 13.5140 0.0037
0.3406955 13.5181 0.0037
0.3408112 13.5181 0.0037
0.3409269 13.5241 0.0038
0.3410427 13.5295 0.0038
0.3411584 13.5195 0.0037
0.3412742 13.5233 0.0037
0.3413899 13.5191 0.0037
0.3415057 13.5151 0.0037
0.3416214 13.5175 0.0038
0.3417371 13.5303 0.0038
0.3418529 13.5152 0.0037
0.3419686 13.5170 0.0037
0.3420844 13.5162 0.0034
0.3422001 13.5145 0.0037
0.3423158 13.5085 0.0037
0.3424316 13.5259 0.0035
0.3425473 13.5252 0.0037
0.3426631 13.5217 0.0037
0.3427788 13.5141 0.0037
0.3428945 13.5192 0.0037
0.3430103 13.5117 0.0037
0.3431260 13.5288 0.0034
0.3432418 13.5234 0.0038
0.3433575 13.5273 0.0037
0.3434732 13.5182 0.0037
0.3435890 13.5244 0.0037
0.3437163 13.5155 0.0037
0.3438320 13.5176 0.0035
0.3439478 13.5116 0.0034
0.3440635 13.5145 0.0037
0.3441793 13.5207 0.0037
0.3442950 13.5162 0.0038
0.3444107 13.5101 0.0037
0.3445265 13.5113 0.0037
0.3446422 13.5288 0.0038
0.3447580 13.5372 0.0041
0.3448737 13.5185 0.0038
0.3449894 13.5331 0.0038
0.3451052 13.5147 0.0038
0.3452209 13.5157 0.0040
0.3453367 13.5050 0.0037
0.3454524 13.5108 0.0037
0.3455682 13.5117 0.0037
0.3456839 13.5007 0.0037
0.3457996 13.5153 0.0037
0.3459154 13.5078 0.0037
0.3460311 13.5189 0.0037
0.3461469 13.5165 0.0038
0.3462626 13.5185 0.0037
0.3463783 13.5101 0.0037
0.3464941 13.5245 0.0038
0.3466098 13.5142 0.0034
0.3467256 13.5205 0.0037
0.3468413 13.5242 0.0037
0.3469570 13.4978 0.0034
0.3470844 13.5258 0.0037
0.3472001 13.4986 0.0037
0.3473158 13.5099 0.0037
0.3474316 13.5038 0.0037
0.3475473 13.5092 0.0035
0.3476631 13.5178 0.0037
0.3477788 13.5100 0.0037
0.3478945 13.5156 0.0040
0.3480103 13.5279 0.0038
0.3481260 13.5227 0.0038
0.3482418 13.5127 0.0035
0.3483575 13.5287 0.0038
0.3484732 13.5056 0.0034
0.3485890 13.5125 0.0034
0.3487047 13.4977 0.0035
0.3488205 13.4987 0.0037
0.3489362 13.5123 0.0037
0.3490519 13.5311 0.0037
0.3491677 13.5145 0.0037
0.3492834 13.5234 0.0034
0.3493992 13.5221 0.0038
0.3495149 13.5056 0.0034
0.3496307 13.5282 0.0035
0.3497464 13.5228 0.0035
0.3498621 13.5075 0.0037
0.3499779 13.5226 0.0043
0.3500936 13.5214 0.0037
0.3502094 13.5178 0.0032
0.3503251 13.5253 0.0037
0.3504524 13.5066 0.0034
0.3505682 13.4967 0.0034
0.3506839 13.5017 0.0035
0.3507996 13.5104 0.0034
0.3509154 13.5146 0.0037
0.3510311 13.5172 0.0035
0.3511469 13.5161 0.0035
0.3512626 13.5174 0.0034
0.3513783 13.5256 0.0035
0.3514941 13.5219 0.0034
0.3516098 13.5240 0.0035
0.3517256 13.5243 0.0035
0.3518413 13.5052 0.0037
0.3519570 13.5157 0.0037
0.3520728 13.5180 0.0037
0.3521885 13.5152 0.0037
0.3523043 13.5030 0.0037
0.3524200 13.5091 0.0037
0.3525357 13.5203 0.0035
0.3526515 13.5157 0.0038
0.3527672 13.5268 0.0038
0.3528830 13.5174 0.0037
0.3529987 13.5236 0.0038
0.3531144 13.5268 0.0038
0.3532302 13.5039 0.0037
0.3533459 13.5056 0.0037
0.3534617 13.5207 0.0037
0.3535774 13.5086 0.0034
0.3536932 13.5161 0.0037
0.3538205 13.5043 0.0034
0.3539362 13.5184 0.0038
0.3540519 13.5269 0.0038
0.3541677 13.5282 0.0038
0.3542834 13.5436 0.0038
0.3543992 13.5259 0.0038
0.3545149 13.5193 0.0037
0.3546307 13.5219 0.0035
0.3547464 13.5119 0.0037
0.3548621 13.5117 0.0037
0.3549779 13.5032 0.0037
0.3550936 13.5058 0.0035
0.3552094 13.4998 0.0034
0.3553251 13.5165 0.0034
0.3554408 13.5211 0.0037
0.3555566 13.5136 0.0034
0.3556723 13.5229 0.0037
0.3557881 13.5230 0.0038
0.3559038 13.5263 0.0040
0.3560195 13.5340 0.0038
0.3561353 13.5195 0.0038
0.3562510 13.5174 0.0037
0.3563668 13.5058 0.0034
0.3564825 13.5147 0.0037
0.3565982 13.5137 0.0037
0.3567140 13.5004 0.0037
0.3568297 13.4982 0.0037
0.3569455 13.5131 0.0037
0.3570612 13.5205 0.0037
0.3571885 13.5221 0.0037
0.3573043 13.5066 0.0040
0.3574200 13.5261 0.0040
0.3575357 13.5426 0.0041
0.3576515 13.5253 0.0040
0.3577672 13.5334 0.0041
0.3578830 13.5353 0.0040
0.3579987 13.5296 0.0037
0.3581144 13.5127 0.0037
0.3582302 13.5240 0.0037
0.3583459 13.5205 0.0037
0.3584617 13.5108 0.0037
0.3585774 13.5186 0.0040
0.3586932 13.5219 0.0037
0.3588089 13.5228 0.0037
0.3589246 13.5227 0.0037
0.3590404 13.5335 0.0038
0.3591561 13.5234 0.0037
0.3592719 13.5296 0.0038
0.3593876 13.5274 0.0037
0.3595033 13.5190 0.0037
0.3596191 13.5188 0.0037
0.3597348 13.5195 0.0037
0.3598506 13.5079 0.0037
0.3599663 13.4848 0.0039
0.3600820 13.5131 0.0037
0.3601978 13.5181 0.0040
0.3603135 13.5218 0.0040
0.3604408 13.5215 0.0040
0.3605566 13.5290 0.0037
0.3606723 13.5100 0.0037
0.3607881 13.5163 0.0037
0.3609038 13.5259 0.0040
0.3610195 13.5225 0.0037
0.3611353 13.5262 0.0037
0.3612510 13.5126 0.0037
0.3613668 13.5139 0.0037
0.3614825 13.5108 0.0037
0.3615982 13.5079 0.0037
0.3617140 13.5187 0.0037
0.3618297 13.5171 0.0037
0.3619455 13.5154 0.0037
0.3620612 13.5117 0.0037
0.3621769 13.5147 0.0038
0.3622927 13.5359 0.0035
0.3624084 13.5389 0.0038
0.3625242 13.5419 0.0038
0.3626399 13.5473 0.0038
0.3627557 13.5100 0.0037
0.3628714 13.5163 0.0034
0.3629871 13.5231 0.0034
0.3631029 13.5114 0.0032
0.3632186 13.5056 0.0034
0.3633344 13.5124 0.0037
0.3634501 13.5111 0.0037
0.3635658 13.5197 0.0037
0.3636816 13.5244 0.0037
0.3638089 13.5099 0.0037
0.3639246 13.5219 0.0037
0.3640404 13.5151 0.0037
0.3641561 13.5216 0.0037
0.3642719 13.5245 0.0037
0.3643876 13.5162 0.0037
0.3645033 13.5315 0.0038
0.3646191 13.5208 0.0037
0.3647348 13.5240 0.0037
0.3648506 13.5231 0.0034
0.3649663 13.5049 0.0037
0.3650820 13.5135 0.0032
0.3651978 13.5196 0.0034
0.3653135 13.5367 0.0035
0.3654293 13.5301 0.0038
0.3655450 13.5301 0.0037
0.3656607 13.5323 0.0038
0.3657765 13.5134 0.0037
0.3658922 13.5279 0.0037
0.3660080 13.5243 0.0037
0.3661237 13.5220 0.0035
0.3662394 13.5231 0.0034
0.3663552 13.5185 0.0037
0.3664709 13.5183 0.0037
0.3665867 13.5117 0.0037
0.3667024 13.5115 0.0040
0.3668182 13.5073 0.0037
0.3669339 13.5240 0.0037
0.3670496 13.5314 0.0037
0.3671769 13.5230 0.0037
0.3672927 13.5176 0.0034
0.3674084 13.5235 0.0034
0.3675242 13.5244 0.0038
0.3676399 13.5214 0.0034
0.3677557 13.5071 0.0037
0.3678714 13.5097 0.0034
0.3679871 13.5145 0.0037
0.3681029 13.5194 0.0037
0.3682186 13.5168 0.0037
0.3683344 13.5168 0.0040
0.3684501 13.5136 0.0037
0.3685658 13.5134 0.0037
0.3686816 13.5208 0.0037
0.3687973 13.5048 0.0037
0.3689131 13.5255 0.0035
0.3690288 13.5168 0.0037
0.3691445 13.5182 0.0040
0.3692603 13.5290 0.0037
0.3693760 13.5122 0.0037
0.3694918 13.5154 0.0037
0.3696075 13.5250 0.0037
0.3697232 13.5059 0.0037
0.3698390 13.5128 0.0037
0.3699547 13.5238 0.0040
0.3700705 13.5140 0.0037
0.3701862 13.5035 0.0034
0.3703019 13.5025 0.0034
0.3704177 13.5212 0.0037
0.3705450 13.5165 0.0037
0.3706607 13.5121 0.0037
0.3707765 13.5253 0.0040
0.3708922 13.5058 0.0040
0.3710080 13.5058 0.0040
0.3711237 13.5096 0.0040
0.3712394 13.5031 0.0040
0.3713552 13.5175 0.0040
0.3714709 13.5232 0.0040
0.3715867 13.5212 0.0037
0.3717024 13.5286 0.0037
0.3718182 13.5165 0.0040
0.3719339 13.5260 0.0037
0.3720496 13.5190 0.0037
0.3721654 13.5221 0.0037
0.3722811 13.5206 0.0037
0.3723969 13.5274 0.0040
0.3725126 13.5227 0.0038
0.3726283 13.5219 0.0040
0.3727441 13.5190 0.0037
0.3728598 13.5232 0.0034
0.3729756 13.5274 0.0037
0.3730913 13.5125 0.0037
0.3732070 13.5200 0.0040
0.3733228 13.5198 0.0037
0.3734385 13.5105 0.0040
0.3735543 13.5150 0.0040
0.3736700 13.5269 0.0040
0.3737857 13.5352 0.0037
0.3739131 13.5295 0.0035
0.3740288 13.5202 0.0035
0.3741445 13.5288 0.0040
0.3742603 13.5188 0.0040
0.3743760 13.5081 0.0040
0.3744918 13.5272 0.0040
0.3746075 13.5195 0.0037
0.3747232 13.5176 0.0037
0.3748390 13.5247 0.0037
0.3749547 13.5364 0.0040
0.3750705 13.5314 0.0034
0.3751862 13.5377 0.0043
0.3753019 13.5197 0.0037
0.3754177 13.5226 0.0037
0.3755334 13.5223 0.0037
0.3756492 13.5094 0.0034
0.3757649 13.4977 0.0034
0.3758807 13.5080 0.0037
0.3759964 13.5082 0.0037
0.3761121 13.5034 0.0037
0.3762279 13.5143 0.0037
0.3763436 13.5250 0.0042
0.3764594 13.5130 0.0037
0.3765751 13.5187 0.0034
0.3766908 13.5151 0.0034
0.3768066 13.5126 0.0034
0.3769223 13.5052 0.0037
0.3770381 13.5142 0.0040
0.3771538 13.5253 0.0037
0.3772811 13.5129 0.0037
0.3773969 13.5236 0.0037
0.3775126 13.5232 0.0034
0.3776283 13.5250 0.0037
0.3777441 13.5079 0.0037
0.3778598 13.5217 0.0037
0.3779756 13.5279 0.0037
0.3780913 13.5232 0.0037
0.3782070 13.5306 0.0035
0.3783228 13.5204 0.0037
0.3784385 13.5299 0.0040
0.3785543 13.5249 0.0043
0.3786700 13.5178 0.0040
0.3787857 13.5051 0.0037
0.3789015 13.5104 0.0037
0.3790172 13.5193 0.0040
0.3791330 13.5160 0.0037
0.3792487 13.5190 0.0034
0.3793644 13.5273 0.0034
0.3794802 13.5158 0.0037
0.3795959 13.5092 0.0037
0.3797117 13.5187 0.0037
0.3798274 13.5215 0.0037
0.3799432 13.5082 0.0034
0.3800589 13.5244 0.0035
0.3801746 13.5321 0.0035
0.3802904 13.5151 0.0040
0.3804061 13.5294 0.0037
0.3805334 13.5266 0.0035
0.3806492 13.5184 0.0037
0.3807649 13.5136 0.0040
0.3808807 13.5133 0.0045
0.3809964 13.5295 0.0046
0.3811121 13.5167 0.0058
0.3812279 13.5268 0.0040
0.3813436 13.5294 0.0040
0.3814594 13.5320 0.0034
0.3815751 13.5198 0.0037
0.3816908 13.5165 0.0037
0.3818066 13.5199 0.0037
0.3819223 13.5264 0.0037
0.3820381 13.5216 0.0040
0.3821538 13.5324 0.0043
0.3822695 13.5033 0.0037
0.3823853 13.5198 0.0037
0.3825010 13.5056 0.0040
0.3826168 13.5181 0.0037
0.3827325 13.5226 0.0037
0.3828482 13.4978 0.0034
0.3829640 13.5231 0.0037
0.3830797 13.5332 0.0040
0.3831955 13.5210 0.0040
0.3833112 13.5194 0.0037
0.3834269 13.5104 0.0037
0.3835427 13.5184 0.0037
0.3836584 13.5102 0.0037
0.3837742 13.5231 0.0037
0.3838899 13.5314 0.0037
0.3840172 13.5187 0.0037
0.3841330 13.5242 0.0037
0.3842487 13.5315 0.0035
0.3843644 13.5174 0.0035
0.3844802 13.5212 0.0037
0.3845959 13.5355 0.0035
0.3847117 13.5324 0.0037
0.3848274 13.5247 0.0037
0.3849432 13.5212 0.0037
0.3850589 13.5155 0.0037
0.3851746 13.5107 0.0034
0.3852904 13.5197 0.0037
0.3854061 13.5182 0.0035
0.3855219 13.5187 0.0034
0.3856376 13.5100 0.0034
0.3857533 13.5284 0.0034
0.3858691 13.5181 0.0035
0.3859848 13.5164 0.0037
0.3861006 13.5171 0.0034
0.3862163 13.5156 0.0037
0.3863320 13.5317 0.0034
0.3864478 13.5194 0.0037
0.3865635 13.5224 0.0037
0.3866793 13.5134 0.0034
0.3867950 13.5259 0.0037
0.3869107 13.5153 0.0037
0.3870265 13.5131 0.0037
0.3871422 13.5279 0.0037
0.3872580 13.5175 0.0037
0.3873853 13.5388 0.0037
0.3875010 13.5380 0.0038
0.3876168 13.5309 0.0038
0.3877325 13.5231 0.0037
0.3878482 13.5265 0.0040
0.3879640 13.5074 0.0037
0.3880797 13.5210 0.0037
0.3881955 13.4985 0.0034
0.3883112 13.5098 0.0037
0.3884269 13.4993 0.0037
0.3885427 13.5133 0.0037
0.3886584 13.5010 0.0037
0.3887742 13.5062 0.0037
0.3888899 13.5162 0.0037
0.3890057 13.5119 0.0037
0.3891214 13.5130 0.0034
0.3892371 13.5195 0.0034
0.3893529 13.4989 0.0034
0.3894686 13.5261 0.0037
0.3895844 13.5226 0.0037
0.3897001 13.5116 0.0037
0.3898158 13.5098 0.0037
0.3899316 13.5152 0.0037
0.3900473 13.5093 0.0037
0.3901631 13.5053 0.0037
0.3902788 13.5230 0.0037
0.3903945 13.5079 0.0037
0.3905103 13.5201 0.0037
0.3906260 13.5099 0.0034
0.3907533 13.5224 0.0035
0.3908691 13.4871 0.0036
0.3909848 13.5156 0.0037
0.3911006 13.5088 0.0037
0.3912163 13.5172 0.0037
0.3913320 13.5128 0.0037
0.3914478 13.5077 0.0037
0.3915635 13.4954 0.0037
0.3916793 13.5158 0.0037
0.3917950 13.5194 0.0037
0.3919107 13.5205 0.0037
0.3920265 13.5097 0.0037
0.3921422 13.5046 0.0037
0.3922580 13.5307 0.0037
0.3923737 13.5233 0.0037
0.3924894 13.5181 0.0034
0.3926052 13.5160 0.0037
0.3927209 13.5206 0.0037
0.3928367 13.5113 0.0037
0.3929524 13.5143 0.0037
0.3930682 13.5129 0.0037
0.3931839 13.5108 0.0037
0.3932996 13.5243 0.0037
0.3934154 13.5143 0.0037
0.3935311 13.5079 0.0037
0.3936469 13.5170 0.0037
0.3937626 13.5296 0.0034
0.3938783 13.5322 0.0037
0.3939941 13.5267 0.0037
0.3941098 13.5182 0.0037
0.3942371 13.5192 0.0037
0.3943529 13.5121 0.0037
0.3944686 13.5190 0.0037
0.3945844 13.5155 0.0037
0.3947001 13.5210 0.0037
0.3948158 13.5036 0.0037
0.3949316 13.5298 0.0037
0.3950473 13.4995 0.0037
0.3951631 13.5060 0.0037
0.3952788 13.5133 0.0037
0.3953945 13.5212 0.0035
0.3955103 13.5186 0.0035
0.3956260 13.5322 0.0038
0.3957418 13.5107 0.0037
0.3958575 13.5139 0.0034
0.3959732 13.5353 0.0037
0.3960890 13.5073 0.0037
0.3962047 13.5017 0.0037
0.3963205 13.5182 0.0037
0.3964362 13.5135 0.0037
0.3965519 13.5101 0.0037
0.3966677 13.5260 0.0037
0.3967834 13.5181 0.0037
0.3968992 13.5174 0.0037
0.3970149 13.5122 0.0037
0.3971307 13.5239 0.0037
0.3972464 13.5094 0.0034
0.3973621 13.5222 0.0037
0.3974894 13.5225 0.0037
0.3976052 13.5206 0.0037
0.3977209 13.5122 0.0037
0.3978367 13.5025 0.0037
0.3979524 13.5079 0.0037
0.3980682 13.5135 0.0037
0.3981839 13.5153 0.0037
0.3982996 13.5129 0.0037
0.3984154 13.5148 0.0040
0.3985311 13.5197 0.0037
0.3986469 13.5377 0.0038
0.3987626 13.5289 0.0040
0.3988783 13.5159 0.0037
0.3989941 13.5297 0.0034
0.3991098 13.5161 0.0034
0.3992256 13.5134 0.0034
0.3993413 13.5230 0.0037
0.3994570 13.5110 0.0037
0.3995728 13.5089 0.0037
0.3996885 13.4977 0.0037
0.3998043 13.5082 0.0037
0.3999200 13.4919 0.0037
0.4000357 13.5127 0.0034
0.4001515 13.5084 0.0034
0.4002672 13.5079 0.0034
0.4003830 13.5117 0.0037
0.4004987 13.5311 0.0038
0.4006144 13.5090 0.0034
0.4007302 13.5080 0.0037
0.4008575 13.5142 0.0034
0.4009732 13.5166 0.0037
0.4010890 13.4990 0.0037
0.4012047 13.5124 0.0037
0.4013205 13.5029 0.0037
0.4014362 13.5174 0.0037
0.4015519 13.5170 0.0040
0.4016677 13.5033 0.0037
0.4017834 13.5205 0.0040
0.4018992 13.5205 0.0037
0.4020149 13.5180 0.0037
0.4021307 13.5224 0.0037
0.4022464 13.5214 0.0037
0.4023621 13.5124 0.0035
0.4024779 13.5071 0.0037
0.4025936 13.4994 0.0034
0.4027094 13.5098 0.0037
0.4028251 13.4930 0.0037
0.4029408 13.4986 0.0037
0.4030566 13.5023 0.0037
0.4031723 13.5167 0.0037
0.4032881 13.5099 0.0037
0.4034038 13.5046 0.0037
0.4035195 13.5081 0.0037
0.4036353 13.5295 0.0037
0.4037510 13.5241 0.0037
0.4038668 13.5148 0.0037
0.4039825 13.5268 0.0035
0.4041098 13.5171 0.0037
0.4042256 13.5185 0.0037
0.4043413 13.5049 0.0037
0.4044570 13.4867 0.0037
0.4045728 13.5038 0.0037
0.4046885 13.5087 0.0037
0.4048043 13.5002 0.0037
0.4049200 13.5129 0.0040
0.4050357 13.5141 0.0037
0.4051515 13.5166 0.0037
0.4052672 13.5256 0.0042
0.4053830 13.5350 0.0040
0.4054987 13.5204 0.0037
0.4056144 13.5205 0.0037
0.4057302 13.5140 0.0037
0.4058459 13.5002 0.0037
0.4059617 13.5109 0.0037
0.4060774 13.5066 0.0037
0.4061932 13.4991 0.0036
0.4063089 13.5256 0.0042
0.4064246 13.5127 0.0037
0.4065404 13.5210 0.0037
0.4066561 13.5153 0.0040
0.4067719 13.5191 0.0034
0.4068876 13.5286 0.0035
0.4070033 13.5167 0.0035
0.4071191 13.5169 0.0034
0.4072348 13.4967 0.0034
0.4073506 13.5050 0.0037
0.4074663 13.5019 0.0037
0.4075936 13.4991 0.0034
0.4077094 13.5026 0.0034
0.4078251 13.4990 0.0037
0.4079408 13.5080 0.0037
0.4080566 13.5094 0.0037
0.4081723 13.5151 0.0037
0.4082881 13.5065 0.0037
0.4084038 13.5061 0.0037
0.4085195 13.5127 0.0037
0.4086353 13.5218 0.0034
0.4087510 13.5282 0.0037
0.4088668 13.5090 0.0037
0.4089825 13.5188 0.0037
0.4090982 13.5101 0.0037
0.4092140 13.5108 0.0037
0.4093297 13.5115 0.0037
0.4094455 13.5110 0.0037
0.4095612 13.5196 0.0037
0.4096769 13.5109 0.0037
0.4097927 13.5107 0.0037
0.4099084 13.5212 0.0037
0.4100242 13.5151 0.0037
0.4101399 13.5245 0.0037
0.4102557 13.5145 0.0037
0.4103714 13.5109 0.0037
0.4104871 13.5072 0.0037
0.4106029 13.5014 0.0034
0.4107186 13.5113 0.0034
0.4108344 13.5145 0.0034
0.4109501 13.5027 0.0037
0.4110774 13.5197 0.0037
0.4111932 13.5081 0.0037
0.4113089 13.5151 0.0037
0.4114246 13.5094 0.0037
0.4115404 13.5219 0.0037
0.4116561 13.5184 0.0040
0.4117719 13.5059 0.0037
0.4118876 13.5130 0.0037
0.4120033 13.5144 0.0034
0.4121191 13.5099 0.0037
0.4122348 13.5199 0.0040
0.4123506 13.5011 0.0040
0.4124663 13.4972 0.0040
0.4125820 13.5034 0.0037
0.4126978 13.5123 0.0037
0.4128135 13.5024 0.0037
0.4129293 13.5167 0.0040
0.4130450 13.5198 0.0040
0.4131607 13.5389 0.0038
0.4132765 13.5247 0.0038
0.4133922 13.5254 0.0037
0.4135080 13.5323 0.0038
0.4136237 13.5198 0.0037
0.4137394 13.5340 0.0040
0.4138552 13.5259 0.0037
0.4139709 13.5112 0.0037
0.4140867 13.5144 0.0040
0.4142024 13.4967 0.0040
0.4143182 13.5097 0.0040
0.4144339 13.5018 0.0037
0.4145612 13.5313 0.0040
0.4146769 13.5369 0.0038
0.4147927 13.5203 0.0037
0.4149084 13.5400 0.0040
0.4150242 13.5284 0.0038
0.4151399 13.5206 0.0037
0.4152557 13.5067 0.0037
0.4153714 13.5172 0.0040
0.4154871 13.5160 0.0037
0.4156029 13.5175 0.0037
0.4157186 13.5148 0.0037
0.4158344 13.5083 0.0037
0.4159501 13.5238 0.0037
0.4160658 13.5234 0.0037
0.4161816 13.5081 0.0037
0.4162973 13.5337 0.0040
0.4164131 13.5438 0.0041
0.4165288 13.5180 0.0040
0.4166445 13.5297 0.0043
0.4167603 13.5225 0.0037
0.4168760 13.5339 0.0040
0.4169918 13.5187 0.0040
0.4171075 13.5152 0.0043
0.4172232 13.5155 0.0037
0.4173390 13.5156 0.0040
0.4174547 13.5056 0.0040
0.4175705 13.5095 0.0040
0.4176862 13.5058 0.0040
0.4178019 13.5289 0.0040
0.4179293 13.5206 0.0037
0.4180450 13.5194 0.0040
0.4181607 13.5142 0.0037
0.4182765 13.5320 0.0041
0.4183922 13.5271 0.0040
0.4185080 13.5133 0.0040
0.4186237 13.5242 0.0040
0.4187394 13.5230 0.0040
0.4188552 13.5178 0.0043
0.4189709 13.5160 0.0040
0.4190867 13.5130 0.0043
0.4192024 13.5120 0.0040
0.4193182 13.5265 0.0041
0.4194339 13.5187 0.0041
0.4195496 13.5337 0.0040
0.4196654 13.5123 0.0043
0.4197811 13.5283 0.0037
0.4198969 13.5171 0.0037
0.4200126 13.5216 0.0037
0.4201283 13.5088 0.0040
0.4202441 13.5105 0.0037
0.4203598 13.5025 0.0037
0.4204756 13.5105 0.0040
0.4205913 13.5054 0.0040
0.4207070 13.5210 0.0040
0.4208228 13.5232 0.0043
0.4209385 13.5126 0.0040
0.4210543 13.5205 0.0040
0.4211700 13.5175 0.0040
0.4212857 13.5233 0.0040
0.4214131 13.5040 0.0040
0.4215288 13.5059 0.0037
0.4216445 13.5113 0.0037
0.4217603 13.5124 0.0037
0.4218760 13.5237 0.0040
0.4219918 13.5147 0.0040
0.4221075 13.5099 0.0040
0.4222232 13.5060 0.0040
0.4223390 13.5091 0.0040
0.4224547 13.5177 0.0040
0.4225705 13.5005 0.0040
0.4226862 13.5245 0.0045
0.4228019 13.5218 0.0040
0.4229177 13.5188 0.0040
0.4230334 13.5235 0.0040
0.4231492 13.5174 0.0040
0.4232649 13.5268 0.0043
0.4233807 13.5247 0.0040
0.4234964 13.5089 0.0043
0.4236121 13.5187 0.0040
0.4237279 13.5175 0.0040
0.4238436 13.5266 0.0040
0.4239594 13.5171 0.0040
0.4240751 13.5242 0.0040
0.4241908 13.5237 0.0043
0.4243066 13.5200 0.0043
0.4244223 13.5183 0.0040
0.4245381 13.5223 0.0040
0.4246538 13.5235 0.0040
0.4247695 13.5188 0.0041
0.4248969 13.5345 0.0040
0.4250126 13.5311 0.0038
0.4251283 13.5240 0.0038
0.4252441 13.5160 0.0037
0.4253598 13.5138 0.0037
0.4254756 13.5154 0.0037
0.4255913 13.5237 0.0040
0.4257070 13.5317 0.0040
0.4258228 13.5200 0.0040
0.4259385 13.5247 0.0041
0.4260543 13.5345 0.0040
0.4261700 13.5344 0.0038
0.4262857 13.5172 0.0041
0.4264015 13.5398 0.0040
0.4265172 13.5058 0.0040
0.4266330 13.5144 0.0040
0.4267487 13.5279 0.0040
0.4268644 13.5172 0.0040
0.4269802 13.5068 0.0037
0.4270959 13.5255 0.0037
0.4272117 13.5066 0.0037
0.4273274 13.5047 0.0040
0.4274432 13.5081 0.0040
0.4275589 13.5101 0.0037
0.4276746 13.5113 0.0037
0.4277904 13.5202 0.0037
0.4279061 13.5047 0.0037
0.4280219 13.5046 0.0040
0.4281376 13.5032 0.0040
0.4282649 13.5054 0.0040
0.4283807 13.5131 0.0040
0.4284964 13.5120 0.0042
0.4286121 13.5202 0.0043
0.4287279 13.5044 0.0046
0.4288436 13.5359 0.0041
0.4289594 13.5231 0.0040
0.4290751 13.5191 0.0040
0.4291908 13.5323 0.0041
0.4293066 13.5198 0.0040
0.4294223 13.5198 0.0040
0.4295381 13.5051 0.0040
0.4296538 13.5023 0.0040
0.4297695 13.5001 0.0037
0.4298853 13.5109 0.0037
0.4300010 13.5403 0.0038
0.4301168 13.5111 0.0040
0.4302325 13.5205 0.0040
0.4303482 13.5128 0.0040
0.4304640 13.5261 0.0040
0.4305797 13.5265 0.0041
0.4306955 13.5471 0.0038
0.4308112 13.5318 0.0041
0.4309269 13.5037 0.0040
0.4310427 13.5176 0.0043
0.4311584 13.5157 0.0043
0.4312742 13.5074 0.0040
0.4313899 13.5178 0.0040
0.4315057 13.5261 0.0043
0.4316214 13.5070 0.0040
0.4317371 13.5218 0.0040
0.4318644 13.5196 0.0040
0.4319802 13.5241 0.0040
0.4320959 13.5147 0.0040
0.4322117 13.5195 0.0040
0.4323274 13.5316 0.0040
0.4324432 13.5320 0.0041
0.4325589 13.5263 0.0040
0.4326746 13.5273 0.0041
0.4327904 13.5177 0.0041
0.4329061 13.5126 0.0040
0.4330219 13.4946 0.0040
0.4331376 13.5291 0.0043
0.4332533 13.5222 0.0043
0.4333691 13.5399 0.0046
0.4334848 13.5152 0.0057
0.4336006 13.5386 0.0055
0.4337163 13.5156 0.0054
0.4338320 13.5338 0.0061
0.4339478 13.5394 0.0061
0.4340635 13.5449 0.0061
0.4341793 13.5430 0.0064
0.4342950 13.5139 0.0051
0.4344107 13.5285 0.0040
0.4345265 13.5090 0.0043
0.4346422 13.5246 0.0040
0.4347580 13.5215 0.0040
0.4348737 13.5210 0.0052
0.4349894 13.5237 0.0044
0.4351168 13.5228 0.0040
0.4352325 13.5260 0.0040
0.4353482 13.5212 0.0040
0.4354640 13.5169 0.0040
0.4355797 13.5162 0.0040
0.4356955 13.5135 0.0040
0.4358112 13.5068 0.0040
0.4359269 13.5328 0.0040
0.4360427 13.5175 0.0040
0.4361584 13.5363 0.0046
0.4362742 13.5249 0.0040
0.4363899 13.5209 0.0040
0.4365057 13.5226 0.0040
0.4366214 13.5081 0.0040
0.4367371 13.5104 0.0040
0.4368529 13.5162 0.0040
0.4369686 13.5143 0.0043
0.4370844 13.5347 0.0043
0.4372001 13.5144 0.0040
0.4373158 13.4963 0.0043
0.4374316 13.5110 0.0040
0.4375473 13.5284 0.0040
0.4376631 13.5064 0.0040
0.4377788 13.5085 0.0040
0.4378945 13.5095 0.0040
0.4380103 13.5083 0.0040
0.4381260 13.5303 0.0048
0.4382418 13.5322 0.0046
0.4383575 13.5347 0.0046
0.4384732 13.5149 0.0040
0.4386006 13.5272 0.0043
0.4387163 13.5146 0.0040
0.4388320 13.5229 0.0040
0.4389478 13.5224 0.0043
0.4390635 13.5119 0.0040
0.4391793 13.5058 0.0040
0.4392950 13.5251 0.0040
0.4394107 13.5153 0.0040
0.4395265 13.5132 0.0040
0.4396422 13.5271 0.0040
0.4397580 13.5103 0.0040
0.4398737 13.5294 0.0040
0.4399894 13.5153 0.0040
0.4401052 13.5163 0.0043
0.4402209 13.5184 0.0040
0.4403367 13.5366 0.0043
0.4404524 13.5220 0.0044
0.4405682 13.5298 0.0049
0.4406839 13.5209 0.0046
0.4407996 13.5145 0.0043
0.4409154 13.5170 0.0040
0.4410311 13.5037 0.0040
0.4411469 13.5069 0.0043
0.4412626 13.5339 0.0040
0.4413783 13.5233 0.0043
0.4414941 13.5169 0.0040
0.4416098 13.5179 0.0043
0.4417256 13.5382 0.0041
0.4418413 13.5187 0.0046
0.4419686 13.5193 0.0040
0.4420844 13.5271 0.0040
0.4422001 13.5239 0.0041
0.4423158 13.5306 0.0040
0.4424316 13.5163 0.0040
0.4425473 13.5140 0.0040
0.4426631 13.5069 0.0040
0.4427788 13.5212 0.0040
0.4428945 13.5136 0.0040
0.4430103 13.5344 0.0041
0.4431260 13.5261 0.0041
0.4432418 13.5245 0.0046
0.4433575 13.5290 0.0040
0.4434732 13.5294 0.0040
0.4435890 13.5218 0.0040
0.4437047 13.5330 0.0043
0.4438205 13.5036 0.0040
0.4439362 13.5036 0.0043
0.4440519 13.5129 0.0044
0.4441677 13.5195 0.0040
0.4442834 13.5015 0.0041
0.4443992 13.5234 0.0041
0.4445149 13.5243 0.0041
0.4446307 13.5231 0.0040
0.4447464 13.5266 0.0040
0.4448621 13.5172 0.0040
0.4449779 13.5262 0.0041
0.4450936 13.5283 0.0047
0.4452094 13.5191 0.0041
0.4453367 13.5211 0.0040
0.4454524 13.5253 0.0040
0.4455682 13.5234 0.0040
0.4456839 13.5187 0.0040
0.4457996 13.5234 0.0040
0.4459154 13.5251 0.0041
0.4460311 13.5167 0.0043
0.4461469 13.5164 0.0040
0.4462626 13.5298 0.0040
0.4463783 13.5251 0.0044
0.4464941 13.5242 0.0041
0.4466098 13.5167 0.0044
0.4467256 13.5229 0.0041
0.4468413 13.5318 0.0049
0.4469570 13.5169 0.0046
0.4470728 13.5265 0.0043
0.4471885 13.5121 0.0040
0.4473043 13.5081 0.0038
0.4474200 13.5031 0.0040
0.4475357 13.5194 0.0046
0.4476515 13.5350 0.0046
0.4477672 13.5291 0.0049
0.4478830 13.5311 0.0046
0.4479987 13.5338 0.0047
0.4481144 13.5275 0.0041
0.4482302 13.5360 0.0041
0.4483459 13.5267 0.0041
0.4484617 13.5242 0.0041
0.4485774 13.5116 0.0041
0.4487047 13.5334 0.0041
0.4488205 13.5078 0.0040
0.4489362 13.5165 0.0040
0.4490519 13.4974 0.0046
0.4491677 13.5374 0.0043
0.4492834 13.5201 0.0046
0.4493992 13.5164 0.0046
0.4495149 13.5136 0.0046
0.4496307 13.5156 0.0044
0.4497464 13.5402 0.0041
0.4498621 13.5187 0.0040
0.4499779 13.5211 0.0040
0.4500936 13.5353 0.0043
0.4502094 13.5182 0.0040
0.4503251 13.5119 0.0040
0.4504408 13.5174 0.0043
0.4505566 13.5195 0.0046
0.4506723 13.5133 0.0043
0.4507881 13.5136 0.0040
0.4509038 13.5089 0.0041
0.4510195 13.5309 0.0041
0.4511353 13.5209 0.0040
0.4512510 13.5390 0.0044
0.4513668 13.5278 0.0052
0.4514825 13.5423 0.0055
0.4515982 13.5132 0.0052
0.4517140 13.5246 0.0052
0.4518297 13.5369 0.0058
0.4519455 13.5217 0.0057
0.4520728 13.5330 0.0061
0.4521885 13.5166 0.0060
0.4523043 13.5123 0.0060
0.4524200 13.5162 0.0052
0.4525357 13.5339 0.0046
0.4526515 13.5242 0.0046
0.4527672 13.5290 0.0044
0.4528830 13.5221 0.0040
0.4529987 13.5473 0.0046
0.4531144 13.5351 0.0044
0.4532302 13.5354 0.0046
0.4533459 13.5130 0.0040
0.4534617 13.5122 0.0041
0.4535774 13.5289 0.0041
0.4536932 13.5166 0.0043
0.4538089 13.5159 0.0040
0.4539246 13.5075 0.0040
0.4540404 13.5158 0.0040
0.4541561 13.5346 0.0043
0.4542719 13.5203 0.0052
0.4543876 13.5169 0.0040
0.4545033 13.5307 0.0046
0.4546191 13.5461 0.0038
0.4547348 13.5229 0.0041
0.4548506 13.5164 0.0041
0.4549663 13.5341 0.0041
0.4550820 13.5083 0.0040
0.4551978 13.5306 0.0041
0.4553135 13.5258 0.0040
0.4554408 13.5176 0.0043
0.4555566 13.5115 0.0040
0.4556723 13.5122 0.0040
0.4557881 13.5268 0.0041
0.4559038 13.5327 0.0041
0.4560195 13.5233 0.0041
0.4561353 13.5292 0.0038
0.4562510 13.5369 0.0044
0.4563668 13.5369 0.0044
0.4564825 13.5170 0.0041
0.4565982 13.5142 0.0043
0.4567140 13.5133 0.0049
0.4568297 13.5190 0.0046
0.4569455 13.5206 0.0043
0.4570612 13.5248 0.0040
0.4571769 13.5243 0.0043
0.4572927 13.5294 0.0041
0.4574084 13.5179 0.0040
0.4575242 13.5345 0.0041
0.4576399 13.5250 0.0040
0.4577557 13.5257 0.0041
0.4578714 13.5368 0.0041
0.4579871 13.5245 0.0041
0.4581029 13.5205 0.0041
0.4582186 13.5225 0.0041
0.4583344 13.5146 0.0040
0.4584501 13.5118 0.0040
0.4585658 13.5153 0.0041
0.4586816 13.5059 0.0040
0.4588089 13.5098 0.0040
0.4589246 13.5237 0.0040
0.4590404 13.5144 0.0043
0.4591561 13.5338 0.0049
0.4592719 13.5332 0.0041
0.4593876 13.5373 0.0041
0.4595033 13.5167 0.0041
0.4596191 13.5227 0.0044
0.4597348 13.5196 0.0043
0.4598506 13.5182 0.0043
0.4599663 13.5083 0.0043
0.4600820 13.5112 0.0040
0.4601978 13.5142 0.0040
0.4603135 13.5147 0.0040
0.4604293 13.5066 0.0040
0.4605450 13.5128 0.0040
0.4606607 13.5118 0.0041
0.4607765 13.5150 0.0043
0.4608922 13.5271 0.0044
0.4610080 13.5197 0.0041
0.4611237 13.5195 0.0043
0.4612394 13.5218 0.0040
0.4613552 13.5149 0.0041
0.4614709 13.5107 0.0040
0.4615867 13.5150 0.0038
0.4617024 13.5263 0.0038
0.4618182 13.5102 0.0037
0.4619339 13.5061 0.0037
0.4620496 13.5152 0.0038
0.4621769 13.5222 0.0041
0.4622927 13.5180 0.0041
0.4624084 13.5194 0.0043
0.4625242 13.5322 0.0041
0.4626399 13.5281 0.0049
0.4627557 13.5393 0.0046
0.4628714 13.5191 0.0043
0.4629871 13.5309 0.0041
0.4631029 13.5257 0.0043
0.4632186 13.5175 0.0040
0.4633344 13.5023 0.0040
0.4634501 13.5015 0.0040
0.4635658 13.5002 0.0043
0.4636816 13.5213 0.0041
0.4637973 13.5150 0.0040
0.4639131 13.5211 0.0041
0.4640288 13.5261 0.0041
0.4641445 13.5384 0.0047
0.4642603 13.5321 0.0044
0.4643760 13.5263 0.0044
0.4644918 13.5188 0.0041
0.4646075 13.5102 0.0040
0.4647232 13.5164 0.0040
0.4649547 13.5255 0.0052
0.4650705 13.5205 0.0046
0.4651862 13.5215 0.0058
0.4653019 13.5208 0.0041
0.4654177 13.5240 0.0044
0.4655450 13.5236 0.0047
0.4656607 13.5384 0.0050
0.4657765 13.5323 0.0047
0.4658922 13.5387 0.0041
0.4660080 13.5272 0.0041
0.4661237 13.5245 0.0041
0.4662394 13.5132 0.0041
0.4663552 13.5203 0.0046
0.4664709 13.5137 0.0040
0.4665867 13.5199 0.0043
0.4667024 13.5222 0.0043
0.4668182 13.5134 0.0041
0.4669339 13.5237 0.0040
0.4670496 13.5268 0.0041
0.4671654 13.5218 0.0041
0.4672811 13.5225 0.0041
0.4673969 13.5046 0.0041
0.4675126 13.5193 0.0041
0.4676283 13.5230 0.0041
0.4677441 13.5089 0.0041
0.4678598 13.5246 0.0041
0.4679756 13.5123 0.0044
0.4680913 13.5182 0.0054
0.4682070 13.5077 0.0046
0.4683228 13.5163 0.0040
0.4684385 13.5063 0.0043
0.4685543 13.5194 0.0041
0.4686700 13.5127 0.0040
0.4687857 13.5287 0.0041
0.4689015 13.5074 0.0038
0.4690172 13.5131 0.0038
0.4691445 13.5173 0.0041
0.4692603 13.5195 0.0041
0.4693760 13.5160 0.0041
0.4694918 13.5133 0.0041
0.4696075 13.5106 0.0041
0.4697232 13.5201 0.0041
0.4698390 13.5141 0.0041
0.4699547 13.5136 0.0041
0.4700705 13.5112 0.0038
0.4701862 13.5174 0.0038
0.4703019 13.5203 0.0043
0.4704177 13.5161 0.0041
0.4705334 13.5149 0.0041
0.4706492 13.5184 0.0041
0.4707649 13.5189 0.0041
0.4708807 13.5249 0.0041
0.4709964 13.5058 0.0040
0.4711121 13.5007 0.0038
0.4712279 13.5103 0.0041
0.4713436 13.5192 0.0041
0.4714594 13.5189 0.0041
0.4715751 13.5158 0.0040
0.4716908 13.5043 0.0040
0.4718066 13.5160 0.0041
0.4719223 13.5148 0.0041
0.4720381 13.5137 0.0041
0.4721538 13.5247 0.0041
0.4722695 13.5149 0.0038
0.4723853 13.5155 0.0041
0.4725010 13.5250 0.0041
0.4726283 13.5193 0.0041
0.4727441 13.5039 0.0046
0.4728598 13.5265 0.0044
0.4729756 13.5097 0.0040
0.4730913 13.5298 0.0041
0.4732070 13.5272 0.0041
0.4733228 13.5323 0.0044
0.4734385 13.5290 0.0044
0.4735543 13.5198 0.0044
0.4736700 13.5227 0.0041
0.4737857 13.5116 0.0040
0.4739015 13.5196 0.0041
0.4740172 13.5137 0.0044
0.4741330 13.5266 0.0041
0.4742487 13.5272 0.0044
0.4743644 13.5248 0.0041
0.4744802 13.5094 0.0041
0.4745959 13.5212 0.0041
0.4747117 13.5269 0.0047
0.4748274 13.5280 0.0041
0.4749432 13.5296 0.0041
0.4750589 13.5237 0.0041
0.4751746 13.5044 0.0041
0.4752904 13.5323 0.0041
0.4754061 13.5138 0.0041
0.4755219 13.5201 0.0044
0.4756376 13.5135 0.0041
0.4757533 13.5118 0.0047
0.4758691 13.5290 0.0041
0.4759848 13.5171 0.0041
0.4761121 13.5231 0.0047
0.4762279 13.5242 0.0041
0.4763436 13.5426 0.0044
0.4764594 13.5286 0.0041
0.4765751 13.5268 0.0041
0.4766908 13.5247 0.0044
0.4768066 13.5331 0.0044
0.4769223 13.5234 0.0041
0.4770381 13.5159 0.0044
0.4771538 13.5122 0.0047
0.4772695 13.5148 0.0047
0.4773853 13.5116 0.0050
0.4775010 13.5282 0.0047
0.4776168 13.5173 0.0044
0.4777325 13.5305 0.0047
0.4778482 13.5113 0.0041
0.4779640 13.5199 0.0041
0.4780797 13.5268 0.0041
0.4781955 13.5256 0.0041
0.4783112 13.5301 0.0044
0.4784269 13.5288 0.0041
0.4785427 13.5214 0.0041
0.4786584 13.5265 0.0041
0.4787742 13.5103 0.0041
0.4788899 13.5297 0.0041
0.4790057 13.5142 0.0041
0.4791214 13.5128 0.0041
0.4792371 13.5233 0.0044
0.4793644 13.5216 0.0047
0.4794802 13.5219 0.0041
0.4795959 13.5380 0.0041
0.4797117 13.5307 0.0041
0.4798274 13.5343 0.0044
0.4799432 13.5262 0.0044
0.4800589 13.5451 0.0047
0.4801746 13.5328 0.0041
0.4802904 13.5246 0.0041
0.4804061 13.5087 0.0049
0.4805219 13.5271 0.0044
0.4806376 13.5162 0.0043
0.4807533 13.5160 0.0041
0.4808691 13.5205 0.0041
0.4809848 13.5196 0.0041
0.4811006 13.5115 0.0047
0.4812163 13.4846 0.0043
0.4813320 13.5449 0.0044
0.4814478 13.5135 0.0041
0.4815635 13.5293 0.0041
0.4816793 13.5298 0.0041
0.4817950 13.5280 0.0041
0.4819107 13.5238 0.0041
0.4820265 13.5102 0.0044
0.4821422 13.5121 0.0041
0.4822580 13.5130 0.0041
0.4823737 13.5177 0.0041
0.4824894 13.5151 0.0041
0.4826052 13.5186 0.0041
0.4827325 13.5152 0.0041
0.4828482 13.5225 0.0041
0.4829640 13.5388 0.0044
0.4830797 13.5251 0.0044
0.4831955 13.5181 0.0050
0.4833112 13.5527 0.0048
0.4834269 13.5103 0.0050
0.4835427 13.5099 0.0041
0.4836584 13.5217 0.0041
0.4837742 13.5134 0.0044
0.4838899 13.5261 0.0044
0.4840057 13.5188 0.0041
0.4841214 13.5467 0.0044
0.4842371 13.5332 0.0044
0.4843529 13.5099 0.0041
0.4844686 13.5262 0.0041
0.4845844 13.5337 0.0041
0.4847001 13.5232 0.0044
0.4848158 13.5280 0.0044
0.4849316 13.5223 0.0041
0.4850473 13.5217 0.0044
0.4851631 13.5213 0.0044
0.4852788 13.5265 0.0044
0.4853945 13.5042 0.0041
0.4855103 13.5057 0.0041
0.4856260 13.5146 0.0044
0.4857418 13.5376 0.0044
0.4858575 13.5173 0.0044
0.4859732 13.5399 0.0044
0.4860890 13.5256 0.0041
0.4862163 13.5211 0.0044
0.4863320 13.5347 0.0041
0.4864478 13.5259 0.0047
0.4865635 13.5411 0.0047
0.4866793 13.5283 0.0044
0.4867950 13.5246 0.0044
0.4869107 13.5093 0.0050
0.4870265 13.5180 0.0044
0.4871422 13.5053 0.0046
0.4872580 13.5367 0.0047
0.4873737 13.5234 0.0047
0.4874894 13.4986 0.0047
0.4876052 13.5272 0.0050
0.4877209 13.5387 0.0053
0.4878367 13.5303 0.0050
0.4879524 13.5272 0.0047
0.4880682 13.5375 0.0048
0.4881839 13.5193 0.0044
0.4882996 13.5456 0.0045
0.4884154 13.5110 0.0056
0.4885311 13.5141 0.0047
0.4886469 13.5240 0.0047
0.4887626 13.5170 0.0056
0.4888783 13.5259 0.0050
0.4889941 13.5350 0.0050
0.4891098 13.5189 0.0047
0.4892256 13.5352 0.0042
0.4893413 13.5302 0.0048
0.4894570 13.5329 0.0044
0.4895844 13.5253 0.0041
0.4897001 13.5227 0.0041
0.4898158 13.5344 0.0042
0.4899316 13.5195 0.0041
0.4900473 13.5298 0.0044
0.4901631 13.5050 0.0044
0.4902788 13.5049 0.0044
0.4903945 13.5059 0.0049
0.4905103 13.5026 0.0047
0.4906260 13.5177 0.0047
0.4907418 13.5165 0.0053
0.4908575 13.5079 0.0041
0.4909732 13.5280 0.0041
0.4910890 13.5324 0.0041
0.4912047 13.5192 0.0047
0.4913205 13.5224 0.0047
0.4914362 13.5259 0.0041
0.4915519 13.5277 0.0044
0.4916677 13.5108 0.0041
0.4917834 13.5162 0.0041
0.4918992 13.5158 0.0047
0.4920149 13.5253 0.0047
0.4921307 13.5207 0.0047
0.4922464 13.5150 0.0041
0.4923621 13.5352 0.0047
0.4924779 13.5156 0.0044
0.4925936 13.5137 0.0042
0.4927094 13.5448 0.0048
0.4928251 13.5275 0.0044
0.4929524 13.5130 0.0044
0.4930682 13.5155 0.0047
0.4931839 13.5303 0.0050
0.4932996 13.5242 0.0044
0.4934154 13.5173 0.0044
0.4935311 13.5254 0.0048
0.4936469 13.5365 0.0047
0.4937626 13.5312 0.0044
0.4938783 13.5078 0.0044
0.4939941 13.5180 0.0047
0.4941098 13.5402 0.0045
0.4942256 13.5104 0.0045
0.4943413 13.5342 0.0042
0.4944570 13.5142 0.0041
0.4945728 13.5301 0.0047
0.4946885 13.5261 0.0047
0.4948043 13.5192 0.0056
0.4949200 13.5068 0.0044
0.4950357 13.5159 0.0044
0.4951515 13.5311 0.0050
0.4952672 13.5321 0.0056
0.4953830 13.5201 0.0053
0.4954987 13.5379 0.0057
0.4956144 13.5277 0.0045
0.4957302 13.5319 0.0057
0.4958459 13.5361 0.0063
0.4959617 13.5312 0.0045
0.4960774 13.5339 0.0044
0.4961932 13.5309 0.0047
0.4963205 13.5328 0.0048
0.4964362 13.5278 0.0045
0.4965519 13.5261 0.0050
0.4966677 13.5340 0.0045
0.4967834 13.5220 0.0047
0.4968992 13.5185 0.0044
0.4970149 13.5260 0.0051
0.4971307 13.5353 0.0045
0.4972464 13.5307 0.0045
0.4973621 13.5234 0.0044
0.4974779 13.5471 0.0054
0.4975936 13.5265 0.0045
0.4977094 13.5255 0.0042
0.4978251 13.5274 0.0045
0.4979408 13.5225 0.0041
0.4980566 13.5224 0.0044
0.4981723 13.5169 0.0041
0.4982881 13.5177 0.0042
0.4984038 13.5246 0.0042
0.4985195 13.5256 0.0045
0.4986353 13.5338 0.0044
0.4987510 13.5112 0.0045
0.4988668 13.5271 0.0045
0.4989825 13.5417 0.0045
0.4990982 13.5310 0.0045
0.4992140 13.5264 0.0048
0.4993297 13.5200 0.0045
0.4994455 13.5143 0.0044
0.4995612 13.5257 0.0045
0.4996769 13.5215 0.0045
0.4998043 13.5271 0.0044
0.4999200 13.5339 0.0048
0.5000357 13.5295 0.0042
0.5001515 13.5319 0.0042
0.5002672 13.5217 0.0045
0.5003830 13.5195 0.0045
0.5004987 13.5338 0.0048
0.5006144 13.5254 0.0042
0.5007302 13.5370 0.0045
0.5008459 13.5303 0.0045
0.5009617 13.5153 0.0041
0.5010774 13.5148 0.0042
0.5011932 13.5257 0.0042
0.5013089 13.5053 0.0047
0.5014246 13.5117 0.0045
0.5015404 13.5053 0.0050
0.5016561 13.5120 0.0048
0.5017719 13.5175 0.0048
0.5018876 13.5431 0.0054
0.5020033 13.5234 0.0045
0.5021191 13.5143 0.0048
0.5022348 13.5244 0.0048
0.5023506 13.5325 0.0048
0.5024663 13.5263 0.0045
0.5025820 13.5460 0.0052
0.5026978 13.5138 0.0048
0.5028135 13.5228 0.0048
0.5029293 13.5296 0.0048
0.5030450 13.5256 0.0054
0.5031607 13.5235 0.0060
0.5032881 13.5173 0.0063
0.5034038 13.5338 0.0057
0.5035195 13.5351 0.0064
0.5036353 13.5344 0.0064
0.5037510 13.5334 0.0060
0.5038668 13.5339 0.0054
0.5039825 13.5335 0.0058
0.5040982 13.5283 0.0051
0.5042140 13.5123 0.0057
0.5043297 13.5168 0.0054
0.5044455 13.5363 0.0057
0.5045612 13.5064 0.0056
0.5046769 13.4967 0.0050
0.5047927 13.5260 0.0054
0.5049084 13.5434 0.0051
0.5049812 13.5356 0.0061
0.5050969 13.5368 0.0051
0.5052127 13.5229 0.0048
0.5053284 13.5218 0.0054
0.5054441 13.5301 0.0054
0.5055599 13.5311 0.0061
0.5056756 13.5462 0.0064
0.5057914 13.5296 0.0061
0.5059071 13.5137 0.0048
0.5060228 13.5276 0.0059
0.5061386 13.5350 0.0060
0.5062543 13.5340 0.0045
0.5063701 13.5246 0.0054
0.5064858 13.5450 0.0048
0.5066131 13.5287 0.0045
0.5067289 13.5062 0.0057
0.5068446 13.5210 0.0057
0.5069603 13.5285 0.0046
0.5070761 13.5404 0.0058
0.5071918 13.5132 0.0045
0.5073076 13.5311 0.0048
0.5074233 13.5320 0.0057
0.5075390 13.5254 0.0060
0.5076548 13.5415 0.0048
0.5077705 13.5289 0.0054
0.5078863 13.5238 0.0051
0.5080020 13.5298 0.0048
0.5081177 13.5410 0.0048
0.5082335 13.5182 0.0045
0.5083492 13.5281 0.0052
0.5084650 13.5321 0.0052
0.5085807 13.5407 0.0051
0.5086964 13.5335 0.0046
0.5088122 13.5349 0.0042
0.5089279 13.5276 0.0048
0.5090437 13.5125 0.0045
0.5091594 13.5224 0.0051
0.5092752 13.5211 0.0060
0.5093909 13.5117 0.0051
0.5095066 13.5145 0.0054
0.5096224 13.5026 0.0051
0.5097381 13.5349 0.0051
0.5098539 13.5360 0.0048
0.5099812 13.5143 0.0048
0.5100969 13.5204 0.0046
0.5102127 13.5088 0.0052
0.5103284 13.5178 0.0051
0.5104441 13.5246 0.0046
0.5105599 13.5388 0.0048
0.5106756 13.5221 0.0054
0.5107914 13.5383 0.0048
0.5109071 13.5132 0.0048
0.5110228 13.5260 0.0048
0.5111386 13.5129 0.0051
0.5112543 13.5240 0.0055
0.5113701 13.5381 0.0048
0.5114858 13.5305 0.0048
0.5116015 13.5384 0.0055
0.5117173 13.5274 0.0048
0.5118330 13.5230 0.0060
0.5119488 13.5283 0.0048
0.5120645 13.5362 0.0058
0.5121802 13.5321 0.0049
0.5122960 13.5224 0.0048
0.5124117 13.5054 0.0060
0.5125275 13.5273 0.0060
0.5126432 13.5108 0.0051
0.5127589 13.5227 0.0051
0.5128747 13.5160 0.0057
0.5129904 13.5317 0.0064
0.5131062 13.5154 0.0054
0.5132219 13.5316 0.0055
0.5133492 13.5349 0.0058
0.5134650 13.5401 0.0049
0.5135807 13.5329 0.0055
0.5136964 13.5248 0.0061
0.5138122 13.5342 0.0064
0.5139279 13.5175 0.0063
0.5140437 13.5290 0.0051
0.5141594 13.5205 0.0064
0.5142752 13.5417 0.0067
0.5143909 13.5323 0.0055
0.5145066 13.5243 0.0058
0.5146224 13.5220 0.0064
0.5147381 13.5418 0.0058
0.5148539 13.5329 0.0057
0.5149696 13.5267 0.0049
0.5150853 13.5295 0.0045
0.5152011 13.5481 0.0049
0.5153168 13.5356 0.0058
0.5154326 13.5213 0.0058
0.5155483 13.5268 0.0055
0.5156640 13.5290 0.0064
0.5157798 13.5235 0.0064
0.5158955 13.5157 0.0051
0.5160113 13.5063 0.0054
0.5161270 13.5458 0.0053
0.5162427 13.5409 0.0061
0.5163585 13.5436 0.0055
0.5164742 13.5134 0.0052
0.5165900 13.5286 0.0045
0.5167057 13.5479 0.0046
0.5168330 13.5256 0.0052
0.5169488 13.5322 0.0046
0.5170645 13.5167 0.0064
0.5171802 13.5315 0.0058
0.5172960 13.5330 0.0054
0.5174117 13.5272 0.0048
0.5175275 13.5085 0.0064
0.5176432 13.5422 0.0055
0.5177589 13.5306 0.0055
0.5178747 13.5393 0.0055
0.5179904 13.5490 0.0055
0.5181062 13.5413 0.0062
0.5182219 13.5398 0.0062
0.5183377 13.5291 0.0061
0.5184534 13.5178 0.0049
0.5185691 13.5263 0.0055
0.5186849 13.5377 0.0052
0.5188006 13.5346 0.0058
0.5189164 13.5036 0.0061
0.5190321 13.5317 0.0057
0.5191478 13.5296 0.0058
0.5192636 13.5146 0.0064
0.5193793 13.5401 0.0052
0.5194951 13.5416 0.0065
0.5196108 13.5644 0.0059
0.5197265 13.5326 0.0049
0.5198423 13.5217 0.0054
0.5199580 13.5276 0.0058
0.5200738 13.5231 0.0061
0.5202011 13.5254 0.0061
0.5203168 13.5453 0.0061
0.5204326 13.5198 0.0061
0.5205483 13.5249 0.0064
0.5206640 13.5113 0.0064
0.5207798 13.5328 0.0062
0.5208955 13.5258 0.0058
0.5210113 13.5019 0.0061
0.5211270 13.5407 0.0065
0.5212427 13.5247 0.0052
0.5213585 13.5313 0.0058
0.5214742 13.5276 0.0061
0.5215900 13.5320 0.0064
0.5217057 13.5272 0.0058
0.5218214 13.5228 0.0061
0.5219372 13.5230 0.0055
0.5220529 13.5170 0.0054
0.5221687 13.5172 0.0052
0.5222844 13.5096 0.0049
0.5224002 13.5251 0.0052
0.5225159 13.5261 0.0055
0.5226316 13.5036 0.0046
0.5227474 13.5178 0.0046
0.5228631 13.5483 0.0052
0.5229789 13.5400 0.0061
0.5230946 13.5154 0.0058
0.5232103 13.5298 0.0052
0.5233261 13.5291 0.0061
0.5234418 13.5142 0.0058
0.5235576 13.5277 0.0064
0.5236849 13.5218 0.0058
0.5238006 13.5111 0.0065
0.5239164 13.5046 0.0048
0.5240321 13.5053 0.0046
0.5241478 13.5363 0.0049
0.5242636 13.5224 0.0059
0.5243793 13.5471 0.0056
0.5244951 13.5449 0.0059
0.5246108 13.5346 0.0055
0.5247265 13.5400 0.0052
0.5248423 13.5291 0.0049
0.5249580 13.5244 0.0055
0.5250738 13.5324 0.0059
0.5251895 13.5118 0.0054
0.5253052 13.5154 0.0061
0.5254210 13.5273 0.0059
0.5255367 13.5319 0.0055
0.5256525 13.5189 0.0055
0.5257682 13.5309 0.0049
0.5258839 13.5102 0.0061
0.5259997 13.5288 0.0056
0.5261154 13.5396 0.0059
0.5262312 13.5261 0.0049
0.5263469 13.5162 0.0046
0.5264627 13.5279 0.0046
0.5265784 13.5304 0.0052
0.5266941 13.5182 0.0049
0.5268099 13.5211 0.0049
0.5269256 13.5267 0.0049
0.5270414 13.5218 0.0049
0.5271687 13.5280 0.0052
0.5272844 13.5187 0.0052
0.5274002 13.5191 0.0049
0.5275159 13.5304 0.0049
0.5276316 13.5169 0.0049
0.5277474 13.5315 0.0049
0.5278631 13.5467 0.0050
0.5279789 13.5281 0.0049
0.5280946 13.5281 0.0059
0.5282103 13.5160 0.0049
0.5283261 13.5178 0.0049
0.5284418 13.5216 0.0049
0.5285576 13.5225 0.0047
0.5286733 13.5322 0.0063
0.5287890 13.5387 0.0065
0.5289048 13.5286 0.0047
0.5290205 13.5174 0.0056
0.5291363 13.5270 0.0062
0.5292520 13.5332 0.0053
0.5293677 13.5287 0.0052
0.5294835 13.5220 0.0055
0.5295992 13.5206 0.0046
0.5297150 13.5216 0.0046
0.5298307 13.5206 0.0047
0.5299464 13.5276 0.0053
0.5300622 13.5255 0.0050
0.5301779 13.5277 0.0050
0.5302937 13.5282 0.0059
0.5304094 13.5311 0.0049
0.5305367 13.5205 0.0052
0.5306525 13.5249 0.0062
0.5307682 13.5401 0.0050
0.5308839 13.5367 0.0049
0.5309997 13.5465 0.0044
0.5311154 13.5174 0.0046
0.5312312 13.5085 0.0046
0.5313469 13.5406 0.0047
0.5314627 13.5066 0.0043
0.5315784 13.5092 0.0046
0.5316941 13.5347 0.0052
0.5318099 13.5158 0.0055
0.5319256 13.5434 0.0050
0.5320414 13.5234 0.0046
0.5321571 13.5301 0.0056
0.5322728 13.5482 0.0050
0.5323886 13.5298 0.0050
0.5325043 13.5137 0.0050
0.5326201 13.5333 0.0047
0.5327358 13.5219 0.0060
0.5328515 13.5449 0.0047
0.5329673 13.5300 0.0050
0.5330830 13.5184 0.0046
0.5331988 13.5168 0.0052
0.5333145 13.5331 0.0046
0.5334302 13.5422 0.0053
0.5335460 13.5163 0.0043
0.5336617 13.5317 0.0044
0.5337890 13.5303 0.0043
0.5339048 13.5270 0.0047
0.5340205 13.5420 0.0050
0.5341363 13.5357 0.0050
0.5342520 13.5371 0.0047
0.5343677 13.5315 0.0047
0.5344835 13.5143 0.0047
0.5345992 13.5243 0.0050
0.5347150 13.5557 0.0047
0.5348307 13.5317 0.0050
0.5349464 13.5427 0.0047
0.5350622 13.5313 0.0050
0.5351779 13.5381 0.0047
0.5352937 13.5501 0.0050
0.5354094 13.5456 0.0060
0.5355252 13.5193 0.0059
0.5356409 13.5583 0.0051
0.5357566 13.5353 0.0063
0.5358724 13.5422 0.0066
0.5359881 13.5198 0.0065
0.5361039 13.5262 0.0059
0.5362196 13.5256 0.0062
0.5363353 13.5135 0.0062
0.5364511 13.5253 0.0066
0.5365668 13.5249 0.0050
0.5366826 13.5323 0.0062
0.5367983 13.5377 0.0066
0.5369140 13.5463 0.0060
0.5370298 13.5332 0.0066
0.5371571 13.5475 0.0062
0.5372728 13.5238 0.0063
0.5373886 13.5456 0.0059
0.5375043 13.5459 0.0063
0.5376201 13.5193 0.0062
0.5377358 13.5256 0.0049
0.5378515 13.5307 0.0049
0.5379673 13.5259 0.0058
0.5380830 13.5284 0.0047
0.5381988 13.5285 0.0047
0.5383145 13.5305 0.0050
0.5384302 13.5350 0.0044
0.5385460 13.5468 0.0047
0.5386617 13.5392 0.0044
0.5387775 13.5309 0.0053
0.5388932 13.5451 0.0044
0.5390089 13.5163 0.0046
0.5391247 13.5289 0.0047
0.5392404 13.5367 0.0046
0.5393562 13.5018 0.0049
0.5394719 13.5361 0.0050
0.5395877 13.5168 0.0047
0.5397034 13.5311 0.0053
0.5398191 13.5199 0.0047
0.5399349 13.5497 0.0047
0.5400506 13.5385 0.0047
0.5401664 13.5427 0.0047
0.5402821 13.5649 0.0053
0.5404094 13.5392 0.0060
0.5405252 13.5324 0.0059
0.5406409 13.5229 0.0050
0.5407566 13.5230 0.0050
0.5408724 13.5140 0.0047
0.5409881 13.5201 0.0050
0.5411039 13.5032 0.0049
0.5412196 13.5288 0.0053
0.5413353 13.5495 0.0063
0.5414511 13.5398 0.0072
0.5415668 13.5418 0.0063
0.5416826 13.5367 0.0053
0.5417983 13.5499 0.0064
0.5419140 13.5447 0.0047
0.5420298 13.5195 0.0049
0.5421455 13.5461 0.0044
0.5422613 13.5234 0.0050
0.5423770 13.5198 0.0047
0.5424927 13.5236 0.0050
0.5426085 13.5174 0.0047
0.5427242 13.5207 0.0047
0.5428400 13.5279 0.0047
0.5429557 13.5147 0.0050
0.5430714 13.5158 0.0047
0.5431872 13.5472 0.0063
0.5433029 13.5429 0.0048
0.5434187 13.5481 0.0057
0.5435344 13.5419 0.0054
0.5436502 13.5381 0.0057
0.5437659 13.5318 0.0048
0.5438932 13.5456 0.0053
0.5440089 13.5269 0.0064
0.5441247 13.5358 0.0050
0.5442404 13.5870 0.0060
0.5443562 13.5223 0.0050
0.5444719 13.5152 0.0056
0.5445877 13.5128 0.0050
0.5447034 13.5326 0.0048
0.5448191 13.5181 0.0053
0.5449349 13.5279 0.0044
0.5450506 13.5287 0.0044
0.5451664 13.5317 0.0057
0.5452821 13.5377 0.0054
0.5453978 13.5400 0.0057
0.5455136 13.5180 0.0056
0.5456293 13.5331 0.0064
0.5457451 13.5483 0.0067
0.5458608 13.5216 0.0066
0.5459765 13.5235 0.0066
0.5460923 13.5276 0.0069
0.5462080 13.5151 0.0069
0.5463238 13.5465 0.0070
0.5464395 13.5316 0.0070
0.5465552 13.5307 0.0074
0.5466710 13.5349 0.0077
0.5467867 13.5174 0.0079
0.5469025 13.5282 0.0086
0.5470182 13.5394 0.0083
0.5471455 13.5330 0.0077
0.5472613 13.5289 0.0080
0.5473770 13.5208 0.0075
0.5474927 13.5143 0.0085
0.5476085 13.5205 0.0078
0.5477242 13.5231 0.0073
0.5478400 13.5428 0.0070
0.5479557 13.5301 0.0067
0.5480714 13.5317 0.0061
0.5481872 13.5350 0.0048
0.5483029 13.5516 0.0051
0.5484187 13.5625 0.0051
0.5485344 13.5333 0.0054
0.5486502 13.5546 0.0061
0.5487659 13.5265 0.0063
0.5488816 13.5211 0.0070
0.5489974 13.5244 0.0067
0.5491131 13.5460 0.0071
0.5492289 13.5341 0.0070
0.5493446 13.5439 0.0077
0.5494603 13.5284 0.0073
0.5495761 13.5495 0.0070
0.5496918 13.5461 0.0067
0.5498076 13.5407 0.0068
0.5499233 13.5292 0.0067
0.5500390 13.5425 0.0070
0.5501548 13.5395 0.0070
0.5502705 13.5650 0.0081
0.5503863 13.5231 0.0085
0.5505136 13.5322 0.0086
0.5506293 13.5401 0.0077
0.5507451 13.5320 0.0077
0.5508608 13.5338 0.0070
0.5509765 13.5379 0.0072
0.5510923 13.5320 0.0068
0.5512080 13.5293 0.0071
0.5513238 13.5534 0.0087
0.5514395 13.5370 0.0075
0.5515552 13.5419 0.0077
0.5516710 13.5279 0.0067
0.5517867 13.5299 0.0067
0.5519025 13.5343 0.0081
0.5520182 13.5420 0.0076
0.5521339 13.5031 0.0072
0.5522497 13.4959 0.0085
0.5523654 13.5161 0.0071
0.5524812 13.5152 0.0067
0.5525969 13.5189 0.0070
0.5527127 13.5036 0.0079
0.5528284 13.5499 0.0068
0.5529441 13.5537 0.0061
0.5530599 13.5263 0.0058
0.5531756 13.5383 0.0061
0.5532914 13.5445 0.0054
0.5534071 13.5332 0.0054
0.5535228 13.5574 0.0061
0.5536386 13.5191 0.0069
0.5537543 13.5439 0.0064
0.5538816 13.5235 0.0064
0.5539974 13.5356 0.0064
0.5541131 13.5193 0.0061
0.5542289 13.5487 0.0058
0.5543446 13.5320 0.0067
0.5544603 13.5203 0.0067
0.5545761 13.6344 0.0064
0.5546918 13.5441 0.0065
0.5548076 13.5369 0.0058
0.5549233 13.5384 0.0071
0.5550390 13.5353 0.0067
0.5551548 13.5327 0.0067
0.5552705 13.5311 0.0060
0.5553863 13.5247 0.0051
0.5555020 13.5239 0.0054
0.5556177 13.5161 0.0053
0.5557335 13.5396 0.0065
0.5558492 13.6653 0.0058
0.5559650 13.5398 0.0054
0.5560807 13.5313 0.0051
0.5561964 13.5275 0.0055
0.5563122 13.5445 0.0055
0.5564279 13.5343 0.0055
0.5565437 13.5356 0.0055
0.5566594 13.5154 0.0058
0.5567752 13.5412 0.0054
0.5568909 13.5150 0.0058
0.5570066 13.5176 0.0058
0.5571224 13.5216 0.0061
0.5572497 13.5170 0.0061
0.5573654 13.5326 0.0057
0.5574812 13.5299 0.0051
0.5575969 13.5347 0.0058
0.5577127 13.5505 0.0055
0.5578284 13.5392 0.0052
0.5579441 13.5281 0.0048
0.5580599 13.5343 0.0054
0.5581756 13.5321 0.0054
0.5582914 13.5348 0.0057
0.5584071 13.5406 0.0055
0.5585228 13.5434 0.0054
